-0.00182275 -0.000793615 -0.0411311 0.00218524 0.000951441 0.0493108 
-0.00101005 -0.00269159 -0.0285286 0.00114071 0.00303975 0.0322189 
-0.000273704 -0.00199845 -0.0450957 0.000334689 0.00244373 0.0551437 
-0.000224136 -0.00172698 -0.048778 0.000279291 0.00215195 0.0607812 
-0.0022255 -0.00025888 -0.0426532 0.00268826 0.000312709 0.0515223 
-0.000985986 -0.000260985 -0.0567973 0.00128239 0.000339442 0.0738717 
-0.00213889 -0.00151663 -0.0290672 0.00242152 0.00171703 0.0329081 
-0.00257323 -0.000601738 -0.0346629 0.00299016 0.000699236 0.0402792 
-0.000617172 -0.00255394 -0.0347076 0.000717322 0.00296838 0.0403397 
-0.00212466 -0.0018665 -0.0251428 0.00236298 0.00207586 0.027963 
-0.0014574 -0.000804075 -0.0452184 0.00178324 0.000983844 0.055328 
-0.00110418 -0.00250348 -0.0296257 0.00125329 0.00284156 0.0336265 
-0.00197807 -0.0011389 -0.0353363 0.00230592 0.00132767 0.0411931 
-0.00183617 -0.00130608 -0.0350428 0.00213753 0.00152043 0.040794 

0.214943 0.00806428 0.446715 0.266221 0.00998814 0.553285 
0.0388391 0.231248 0.453046 0.0468897 0.279182 0.546954 
0.477477 0.229745 0.477477 0.522523 0.25142 0.522523 
0.00737134 0.0327516 0.382038 0.0119234 0.0529772 0.617962 
0.0444229 0.470847 0.470847 0.049924 0.529153 0.529153 
0.0161662 0.00703868 0.364797 0.0281495 0.0122561 0.635203 
0.0138215 0.0368315 0.390384 0.0215834 0.0575154 0.609616 
0.00217392 0.0158729 0.358178 0.00389548 0.0284428 0.641822 
0.00161978 0.0124805 0.352507 0.00297525 0.0229244 0.647493 
0.0188977 0.00219826 0.362188 0.0332789 0.00387114 0.637812 
0.00592827 0.00156918 0.341495 0.0114315 0.00302585 0.658505 
0.028633 0.0203028 0.389118 0.0449514 0.0318737 0.610882 
0.0279833 0.00654376 0.37695 0.0462527 0.010816 0.62305 
0.00670132 0.027731 0.376859 0.0110807 0.0458535 0.623141 
0.0336983 0.0296038 0.39878 0.0508053 0.0446322 0.60122 
0.0115379 0.00636564 0.357982 0.0206924 0.0114164 0.642018 
0.0144546 0.0327725 0.387824 0.0228164 0.0517312 0.612176 
0.0210252 0.0121056 0.375597 0.034953 0.0201247 0.624403 
0.0197113 0.0140207 0.376184 0.0326867 0.0232502 0.623816 