0.000000
0.000000
0.000000
0.000000
0.000000
0.000000
0.000000
0.000000
0.000000
0.000000
0.000000
0.000000
0.000000
0.000000
0.000000
0.000000
0.000000
0.000000
0.000000
0.000000
0.000000
0.000000
0.000000
0.000000
0.000000
0.000000
0.000000
0.000000
0.000000
0.000000
0.000000
0.000000
0.000000
0.000000
0.000000
0.000000
0.000000
0.000000
0.000000
0.000000
0.000000
0.000000
0.000000
0.000000
0.000000
0.000000
0.000000
0.000000
0.000000
0.000000
0.000000
0.000000
0.000000
0.000000
0.000000
0.000000
0.000000
0.000000
0.000000
0.000000
0.000000
0.000000
0.000000
0.000000
0.000000
0.000000
0.000000
0.000000
0.000000
0.000000
0.000000
0.000000
0.000000
0.000000
0.000000
0.000000
0.000000
0.000000
0.000000
0.000000
0.000000
0.000000
0.000000
0.000000
0.000000
0.000000
0.000000
0.000000
0.000000
0.000000
0.000000
0.000000
0.000000
0.000000
0.000000
0.000000
0.000000
0.000000
0.000000
0.000000
0.000000
0.000000
0.000000
0.000000
0.000000
0.000000
0.000000
0.000000
0.000000
0.000000
0.000000
0.000000
0.000000
0.000000
0.000000
0.000000
0.000000
0.000000
0.000000
0.000000
0.000000
0.000000
0.000000
0.000000
0.000000
0.000000
0.000000
0.000000
0.000000
0.000000
0.000000
0.000000
0.000000
0.000000
0.000000
0.000000
0.078914
0.144699
0.157900
0.157962
0.210671
0.316062
0.316159
0.316249
0.316353
0.342764
0.461334
0.487676
0.632527
0.637512
0.231753
0.282889
0.377612
0.495569
0.637103
0.801642
0.989148
1.189079
1.397423
1.639945
1.864882
2.099052
2.365300
2.593595
2.852979
3.133276
3.421517
3.704938
4.008456
4.283884
4.631368
4.913578
5.242752
5.544424
5.868576
6.253152
6.586165
6.954937
7.346562
7.760931
8.186593
8.635132
9.069721
9.528496
9.999173
10.456270
10.937368
11.419756
11.891880
12.252520
12.684371
13.154311
13.589299
14.039317
14.492415
14.963316
15.404818
15.862133
16.249350
16.673475
17.144547
17.619973
18.078600
18.547747
19.040857
19.521467
19.987287
20.488922
21.018307
21.478603
22.031013
22.522518
23.001152
23.522646
24.011180
24.557205
25.156889
25.703503
26.201123
26.651300
27.100840
27.607334
28.207285
28.760743
29.313610
29.802119
30.285634
30.788606
31.264829
31.783507
32.337890
32.908344
33.524427
34.119012
34.743865
35.216643
35.671508
36.198569
36.726328
37.360941
38.006724
38.556823
39.056799
39.597530
40.166114
40.697901
41.155691
41.732766
42.043506
42.681142
43.275698
43.811349
44.295669
44.789391
45.314982
45.798053
46.229692
46.730913
47.321655
47.933649
48.495550
49.023487
49.549044
50.062681
50.588650
51.115263
51.682869
52.306274
52.821988
53.191387
53.770233
54.349302
54.863744
55.312101
55.916040
56.471552
57.083511
57.460902
57.906035
58.306402
58.897595
59.495216
59.990901
60.513722
61.000787
61.575477
62.059380
62.430954
62.843229
63.221815
63.735123
64.288205
64.909693
65.509646
66.110479
66.502680
66.880752
67.302572
67.825823
68.368386
68.869423
69.315539
69.783033
70.137158
70.614971
71.057094
71.525181
72.036249
72.593937
73.077051
73.518618
74.025465
74.583249
75.070972
75.556332
75.951903
76.415866
76.872464
77.452703
77.982789
78.372519
78.907696
79.509658
80.026902
80.425268
80.942264
81.373162
81.873574
82.442265
82.805335
83.003104
83.480665
83.855625
84.247475
84.682724
85.073766
85.530116
86.081536
86.348477
86.706504
87.252116
87.772035
88.191209
88.578577
88.878688
89.361156
89.646021
89.976020
90.320821
90.642788
91.134253
91.649478
91.934129
92.245145
92.594367
92.963346
93.272435
93.639251
94.062768
94.421940
94.828163
95.397520
95.718234
96.081096
96.539280
96.835678
97.342777
97.553269
97.899815
98.251952
98.557423
99.011849
99.465701
99.777700
100.221360
100.660806
100.881945
101.352928
101.683968
101.777224
102.138752
102.700210
102.883945
103.162621
103.483654
103.772849
104.151759
104.458134
104.614762
104.934486
105.334599
105.555164
105.787800
106.147416
106.324844
106.643134
107.055249
107.343208
107.527370
107.750389
107.935573
108.120923
108.577584
108.793187
109.152183
109.519965
109.929984
110.074886
110.327263
110.488980
110.640181
110.782392
111.099389
111.321487
111.527493
111.744865
111.916093
111.983121
112.308798
112.580611
112.684071
112.886088
113.110307
113.340946
113.529383
113.695693
113.854034
113.958660
114.159086
114.441626
114.583753
114.740635
114.950254
115.159739
115.425123
115.468510
115.552487
115.468325
115.650880
115.953299
116.290093
116.294798
116.253092
116.317042
116.493563
116.519280
116.936704
117.150596
117.343091
117.400539
117.602214
117.257534
114.512400
116.104747
117.330083
117.498973
117.793511
117.948162
116.210476
115.886035
114.303314
118.130611
118.163236
118.499490
118.899811
118.936625
118.824742
118.774472
118.629385
118.720727
118.793663
118.664838
118.850486
118.155120
118.761994
118.763448
119.071879
119.164429
119.031114
118.765562
118.734442
118.905865
118.806018
119.076511
119.111924
118.903461
118.912854
118.964216
119.078153
119.289346
119.081199
118.975561
118.956732
119.077914
119.240587
118.916210
118.952203
119.174412
119.199214
118.930730
118.587889
118.516946
118.594186
118.646676
118.643019
118.612371
118.733557
118.735175
118.497036
118.539841
118.508949
118.501461
118.261875
118.113360
118.052837
117.665658
117.573401
117.794211
117.856862
117.772333
117.896361
118.118400
118.071546
117.755644
117.654263
117.580109
117.831699
117.818987
117.765133
117.519350
117.418228
117.362650
117.248708
117.140392
117.205742
116.867733
116.808585
116.837622
116.857585
116.704672
116.709794
116.242655
116.080943
116.462901
116.416511
116.214389
116.350363
116.342250
116.059008
116.014726
115.674511
115.646021
115.634388
115.720557
117.238162
115.742077
115.251727
116.883984
115.215040
115.319767
115.329159
115.292972
115.188075
115.245189
114.922316
115.182700
115.120046
115.317454
115.415214
115.307407
115.339315
115.367217
115.453060
115.498896
115.269191
115.469355
115.266137
115.410751
115.522355
115.579316
115.523364
115.470781
115.373541
115.599640
115.794364
115.799557
115.962950
115.733109
115.645247
115.695781
115.539916
116.977221
115.983367
116.066094
116.149094
116.198318
116.081749
116.074736
116.285655
116.182086
115.914484
115.870234
115.927365
115.976405
116.024529
116.172701
116.954688
116.470025
116.502108
116.373011
116.229960
116.662646
116.234714
116.443109
116.415087
116.315940
116.290798
116.398789
116.493314
116.405516
116.691539
116.825246
116.799064
116.881543
116.804521
116.683221
117.092438
117.102928
116.833510
116.451265
116.381441
116.494299
116.694266
116.810076
117.068566
117.053571
117.224977
117.303484
117.061436
117.032460
116.963699
117.149522
117.043449
116.620913
116.874702
117.025812
116.956432
116.878180
116.907398
116.777337
116.586152
116.775635
116.855714
116.774150
116.586219
116.553838
116.366151
116.229460
116.257067
116.318148
116.445941
116.518530
116.669234
116.640185
116.469552
116.286191
116.123413
116.029946
116.156261
116.056143
116.057012
115.902141
116.386312
116.407157
116.348521
116.432874
116.625151
116.394459
115.972207
115.112865
114.497183
112.133149
103.435013
114.222882
90.833451
82.252567
102.029842
93.396928
86.073105
43.273843
42.507832
42.340744
45.039063
52.392443
52.031141
47.978279
51.175422
51.868354
53.010305
52.508700
50.901696
50.146401
49.696115
50.161808
49.206021
49.185964
49.624053
49.770919
49.438209
48.986576
48.910183
49.994030
52.122554
66.140984
66.214580
68.645668
70.468480
57.142452
56.388159
48.306722
45.144502
43.833632
43.189960
44.042537
45.122274
46.489332
46.988709
47.189969
46.645431
45.976288
46.474014
47.548630
47.739084
47.454091
47.603889
54.205433
83.525843
60.520040
58.136825
59.611081
62.375965
55.878990
54.005726
64.208574
88.762455
99.172111
69.162319
55.915404
61.933001
55.745240
51.941674
49.137452
48.460723
48.716119
50.507772
52.412034
60.556950
55.769765
50.819233
50.956500
65.853768
67.376943
90.091398
63.618741
65.692062
71.811353
54.988639
52.989762
47.638069
53.101204
43.054222
45.241995
42.735899
43.092749
46.726572
52.635755
56.775397
55.068015
56.883276
57.141619
69.445628
80.632398
92.774855
99.049509
97.771304
84.016061
76.449702
93.630479
93.252764
90.741736
65.899763
46.459266
56.441351
70.025758
83.293230
85.593929
87.165272
92.838402
59.319114
76.154559
89.263624
89.961448
89.883193
91.453506
89.832483
91.320418
91.134783
90.852324
90.988471
86.936747
72.941423
44.610571
39.699565
38.346008
39.769317
36.643526
36.316750
36.481263
34.873238
33.814587
33.008990
32.434851
32.086481
32.004977
43.305232
50.248150
44.490944
49.217767
46.130420
31.951926
30.069830
29.953859
30.396500
32.421112
32.609983
36.344077
62.757931
67.172836
70.334244
72.216081
71.909136
71.801136
71.836920
70.949798
70.203101
68.879492
68.109527
67.455187
66.283493
64.971195
54.914811
27.679681
29.737679
45.446838
50.643360
49.921849
48.373145
48.559615
33.813296
20.735648
19.221182
24.420250
20.707058
18.526482
16.865841
16.136934
15.366755
14.691756
14.079772
13.646652
13.485040
13.571765
13.983362
14.641848
18.436610
17.848980
16.587755
17.085943
17.907751
20.360727
18.978500
19.151489
19.434811
20.980467
20.146521
19.538967
21.593211
20.426282
19.884660
20.138050
22.615311
24.092603
25.511587
28.800361
37.262830
37.971064
35.356336
35.967108
36.083422
34.678025
34.095249
26.542142
25.272953
25.649094
26.706126
29.612639
28.596160
27.575640
21.093364
18.678078
17.667729
16.685810
15.735256
14.818368
13.820638
12.778874
11.692512
10.638989
9.731567
8.994158
8.371234
7.816075
7.340156
6.942766
6.430435
5.972565
5.632003
5.248131
4.854941
4.576251
4.349389
4.197766
4.048107
3.900361
3.788201
3.790432
3.805409
3.823159
3.843259
3.866276
3.892406
3.781814
3.637277
3.487264
3.384865
3.259244
3.262810
3.229976
3.149956
3.069809
2.918840
2.731374
2.555508
2.426678
2.285128
2.202464
2.095587
2.000183
1.868117
1.770795
1.684180
1.560502
1.435691
1.379699
1.263805
1.181365
1.084933
0.942497
0.833640
0.734726
0.605613
0.500776
0.390529
0.303710
0.271279
0.168229
0.149783
0.131338
0.066698
0.048401
0.050479
0.152366
0.152380
0.152399
0.152431
0.127051
0.050826
0.038117
0.012708
0.000000
0.000000
0.000000
0.000000
0.000000
0.000000
0.000000
0.000000
0.000000
0.000000
0.000000
0.000000
0.000000
0.000000
0.000000
0.000000
0.000000
0.000000
0.000000
0.000000
0.000000
0.000000
0.000000
0.000000
0.000000
0.000000
0.000000
0.000000
0.000000
0.000000
0.000000
0.000000
0.000000
0.000000
0.000000
0.000000
0.000000
0.000000
0.000000
0.000000
0.000000
0.000000
0.000000
0.000000
0.000000
0.000000
0.000000
0.000000
0.000000
0.000000
0.000000
0.000000
0.000000
0.000000
0.000000
0.000000
0.000000
0.000000
0.000000
0.000000
0.000000
0.000000
0.000000
0.000000
0.000000
0.000000
0.000000
0.000000
0.000000
0.000000
0.000000
0.000000
0.000000
0.000000
0.000000
0.000000
0.000000
0.000000
0.000000
0.000000
0.000000
0.000000
0.000000
0.000000
0.000000
0.000000
0.000000
0.000000
0.000000
0.000000
0.000000
0.000000
0.000000
0.000000
0.000000
0.000000
0.000000
0.000000
0.000000
0.000000
0.000000
0.000000
0.000000
0.000000
0.000000
0.000000
0.000000
0.000000
0.000000
0.000000
0.000000
0.000000
0.000000
0.000000
0.000000
0.000000
0.000000
0.000000
0.000000
0.000000
0.000000
0.000000
0.000000
0.000000
0.000000
0.000000
0.000000
0.000000
0.000000
0.000000
0.000000
0.000000
0.000000
0.000000
0.000000
0.000000
0.000000
0.000000
0.000000
0.000000
0.000000
0.000000
0.000000
0.000000
0.000000
0.000000
0.000000
0.000000
0.000000
0.000000
0.000000
0.000000
0.000000
0.000000
0.000000
0.000000
0.000000
0.000000
0.000000
0.000000
0.000000
0.000000
0.000000
0.000000
0.000000
0.000000
0.000000
0.000000
0.000000
0.000000
0.000000
0.000000
0.000000
0.000000
0.000000
0.000000
0.000000
0.000000
0.000000
0.000000
0.000000
0.000000
0.000000
0.000000
0.000000
0.000000
0.000000
0.000000
0.000000
0.000000
0.000000
0.000000
0.000000
0.000000
0.000000
0.000000
0.000000
0.000000
0.000000
0.000000
0.000000
0.000000
0.000000
0.000000
0.000000
0.000000
0.000000
0.000000
0.000000
0.000000
0.000000
0.000000
0.000000
0.000000
0.000000
0.000000
0.000000
0.000000
0.000000
0.000000
0.000000
0.000000
0.000000
0.000000
0.000000
0.000000
0.000000
0.000000
0.000000
0.000000
0.000000
0.000000
0.000000
0.000000
0.000000
0.000000
0.000000
0.000000
0.000000
0.000000
0.000000
0.000000
0.000000
0.000000
0.000000
0.000000
0.000000
0.000000
0.000000
0.000000
0.000000
0.000000
0.000000
0.000000
0.000000
0.000000
0.000000
0.000000
0.000000
0.000000
0.000000
0.000000
0.000000
0.000000
0.000000
0.000000
0.000000
0.000000
0.000000
0.000000
0.000000
0.000000
0.000000
0.000000
0.000000
0.000000
0.000000
0.000000
0.000000
0.000000
0.000000
0.000000
0.000000
0.000000
0.000000
0.000000
0.000000
0.000000
0.000000
0.000000
0.000000
0.000000
0.000000
0.000000
0.000000
0.000000
0.000000
0.000000
0.000000
0.000000
0.000000
0.000000
0.000000
0.000000
0.000000
0.000000
0.000000
0.000000
0.000000
0.000000
0.000000
0.000000
0.000000
0.000000
0.000000
0.000000
0.000000
0.000000
0.000000
0.000000
0.000000
0.000000
0.000000
0.000000
0.000000
0.000000
0.000000
0.000000
0.000000
0.000000
0.000000
0.000000
0.000000
0.000000
0.000000
0.000000
0.000000
0.000000
0.000000
0.000000
0.000000
0.000000
0.000000
0.000000
0.000000
0.000000
0.000000
0.000000
0.000000
0.000000
0.000000
0.000000
0.000000
0.000000
0.000000
0.000000
0.000000
0.000000
0.000000
0.000000
0.000000
0.000000
0.000000
0.000000
0.000000
0.000000
0.000000
0.000000
0.000000
0.000000
0.000000
0.000000
0.000000
0.000000
0.000000
0.000000
0.000000
0.000000
0.000000
0.000000
0.000000
0.000000
0.000000
0.000000
0.000000
0.000000
0.000000
0.000000
0.000000
0.000000
0.000000
0.000000
0.000000
0.000000
0.000000
0.000000
0.000000
0.000000
0.000000
0.000000
0.000000
0.000000
0.000000
0.000000
0.000000
0.000000
0.000000
0.000000
0.000000
0.000000
0.000000
0.000000
0.000000
0.000000
0.000000
0.000000
0.000000
0.000000
0.000000
0.000000
0.000000
0.000000
0.000000
0.000000
0.000000
0.000000
0.000000
0.000000
0.000000
0.000000
0.000000
0.000000
0.000000
0.000000
0.000000
0.000000
0.000000
0.000000
0.000000
0.000000
0.000000
0.000000
0.000000
0.000000
0.000000
0.000000
0.000000
0.000000
0.000000
0.000000
0.000000
0.000000
0.000000
0.000000
0.000000
0.000000
0.000000
0.000000
0.000000
0.000000
0.000000
0.000000
0.000000
0.000000
0.000000
0.000000
0.000000
0.000000
0.000000
0.000000
0.000000
0.000000
0.000000
0.000000
0.000000
0.000000
0.000000
0.000000
0.000000
0.000000
0.000000
0.000000
0.000000
0.000000
0.000000
0.000000
0.000000
0.000000
0.000000
0.000000
0.000000
0.000000
0.000000
0.000000
0.000000
0.000000
0.000000
0.000000
0.000000
0.000000
0.000000
0.000000
0.000000
0.000000
0.000000
0.000000
0.000000
0.000000
0.000000
0.000000
0.000000
0.000000
0.000000
0.000000
0.000000
0.000000
0.000000
0.000000
0.000000
0.000000
0.000000
0.000000
0.000000
0.000000
0.000000
0.000000
0.000000
0.000000
0.000000
0.000000
0.000000
0.000000
0.000000
0.000000
0.000000
0.000000
0.000000
0.000000
0.000000
0.000000
0.000000
0.000000
0.000000
0.000000
0.000000
0.000000
0.000000
0.000000
0.000000
0.000000
0.000000
0.000000
0.000000
0.000000
0.000000
0.000000
0.000000
0.000000
0.000000
0.000000
0.000000
0.000000
0.000000
0.000000
0.000000
0.000000
0.000000
0.000000
0.000000
0.000000
0.000000
0.000000
0.000000
0.000000
0.000000
0.000000
0.000000
0.000000
0.000000
0.000000
0.000000
0.000000
0.000000
0.000000
0.000000
0.000000
0.000000
0.000000
0.000000
0.000000
0.000000
0.000000
0.013121
0.091842
0.157468
0.157507
0.157515
0.183752
0.288669
0.314931
0.314986
0.179013
0.093553
0.115494
0.166608
0.221390
0.278990
0.371427
0.442155
0.550536
0.647109
0.775171
0.873892
0.971544
1.113302
1.278463
1.454998
1.594593
1.756456
1.892051
1.963668
2.119821
2.274687
2.440635
2.592792
2.756289
2.956157
3.167237
3.365129
3.612225
3.846062
4.079256
4.336325
4.617754
4.899125
5.180254
5.498267
5.791033
6.143960
6.422050
6.724500
6.984718
7.251439
7.555757
8.100201
8.797582
10.188505
12.049089
13.242406
12.937704
12.678210
13.308131
13.918483
16.953896
17.675626
17.993672
18.355083
18.738364
19.039040
19.549956
19.967035
20.408843
20.825441
21.289647
21.729747
22.318493
22.744181
23.249567
23.739416
24.255190
23.626306
24.389291
25.008880
25.741432
25.894465
25.880023
27.002424
27.447161
27.704363
27.987966
28.697418
29.437979
30.063962
30.763773
31.351685
32.103389
32.827813
33.720088
34.390736
34.649379
35.420977
36.126731
36.234058
38.069410
40.603529
41.951614
43.331550
44.597019
45.787096
46.873608
47.869562
48.605496
49.369486
49.275878
50.280534
52.699848
53.815197
54.573767
55.155350
55.727980
56.460634
57.060692
57.513194
58.328345
58.984621
59.505265
59.609672
60.392525
60.933451
61.861713
62.688630
61.241311
60.136875
58.784569
62.582746
49.599943
52.061254
56.078004
47.188908
50.411379
55.868521
56.643923
58.452373
58.933702
59.633130
60.749724
61.906500
62.087065
62.354568
63.023168
63.533530
63.886883
63.987095
64.245656
64.143163
64.430579
64.964147
65.441660
66.172784
66.646431
66.936951
66.826259
67.480361
67.820476
67.734450
68.679139
69.132030
69.961333
70.477906
70.919914
71.199809
71.837325
72.235371
72.861352
73.381983
73.840747
74.085847
74.442482
74.942808
75.566335
75.810832
76.110084
76.574843
77.450139
78.083221
78.938439
79.668958
81.362405
82.786427
84.056870
84.923573
85.589934
86.297662
86.869270
87.614901
88.476393
89.144952
89.393248
88.871995
87.032999
75.157798
82.248504
87.375115
89.913892
84.448693
79.346316
82.104488
86.415204
88.319419
88.302257
88.724465
88.995907
89.494213
90.007365
90.656388
91.223029
91.730221
92.188244
92.552363
92.859560
93.176744
93.582126
93.930625
94.205176
94.579620
95.066281
95.396166
95.893229
96.293104
96.572821
97.016584
97.345383
97.774295
98.166470
98.547398
98.785450
98.393117
99.395801
99.826787
100.132588
100.244662
100.621856
101.132486
101.516321
101.867287
102.139339
102.340780
102.511416
102.884320
103.205583
103.454712
103.693559
103.992024
104.015874
104.279721
104.717053
104.915290
105.137633
105.242856
105.670222
105.843552
105.971094
106.146004
106.274262
106.538169
106.862977
107.113414
107.519078
107.929834
108.265531
108.530092
108.685537
108.933706
109.162336
109.503202
109.774154
110.212037
110.513107
110.829749
111.116232
111.293310
111.603923
111.672270
111.821955
112.304471
112.749894
112.826737
113.281043
113.498948
113.391187
113.480196
113.525295
113.539411
113.435494
113.737337
113.776199
113.924035
114.272159
114.521033
114.605254
114.907882
115.218940
115.343192
115.291285
115.472049
115.688839
112.073486
116.206517
116.331183
116.749032
116.862648
116.814432
116.828169
117.011894
117.190222
117.331323
117.491780
117.439624
117.315847
117.432394
117.673111
118.142083
118.115046
118.104236
118.185434
118.334681
118.508173
118.646394
118.979473
119.263400
119.137351
119.043135
119.037997
119.161102
116.111976
110.374781
117.290053
119.380127
119.521066
119.589551
119.417284
119.421915
119.593325
119.808479
119.897172
119.951652
120.063427
120.070824
120.202200
120.414318
120.384242
120.438901
120.507255
120.389781
120.302925
120.276965
120.183464
120.243679
120.300635
120.363621
120.360700
120.310251
120.192437
120.034385
119.909714
119.824673
119.724123
119.655880
120.059903
120.411086
120.500393
120.547612
120.519225
120.385531
120.105083
119.909535
119.990034
119.840029
119.872681
120.011660
119.884404
119.731672
120.124208
120.187474
120.265694
120.257694
120.107544
119.854188
120.046521
119.999358
119.943032
119.896651
119.979215
119.940100
119.917819
119.730367
119.796483
119.737854
119.628925
119.381979
119.202564
119.179548
119.340138
119.461899
119.360178
119.251373
119.419059
119.430112
119.377981
119.292614
119.285032
119.161156
119.044349
118.844676
118.562204
118.544145
118.744227
118.879669
118.882731
118.807574
118.911044
118.976557
119.079465
119.092086
119.217431
118.695644
118.722835
118.817383
118.871404
118.704572
118.907558
118.816936
118.784877
118.740195
118.828562
118.884259
118.637874
118.725896
118.684589
118.674401
118.712786
118.606832
118.382732
118.059983
117.887980
117.724812
117.959625
117.800505
117.743652
117.742326
117.728130
117.700287
117.943636
118.127660
118.130067
118.525692
118.988106
119.011292
119.022974
118.694417
118.795098
119.002604
119.187393
119.037474
118.877754
118.682885
118.838367
118.954713
119.148659
119.038753
118.932784
118.863891
118.845977
118.801430
118.873349
118.913789
119.022205
119.001029
118.829916
118.841151
118.670655
118.570474
118.405451
118.361208
118.309347
118.472201
118.590861
118.422326
118.283997
118.326213
118.585823
118.940844
119.006784
119.095065
119.011670
119.018070
118.895632
118.673018
118.462071
118.682097
118.673754
118.507082
118.319906
118.213177
118.141180
118.080522
118.138308
117.876437
117.805796
117.933913
118.363322
118.441303
118.230739
118.100505
118.044624
118.130041
118.253945
118.338070
118.086507
118.160901
118.264681
118.161749
118.064328
118.032591
117.874756
117.624445
117.830329
104.135076
114.816390
117.921395
118.147345
118.037985
118.103447
117.971918
117.940088
118.018228
118.246649
118.480733
118.382893
118.258515
117.930689
117.568252
117.914314
117.469360
116.355537
114.954082
114.076725
113.603819
114.501876
115.173560
112.581658
113.238820
109.769546
110.711498
95.806491
101.191284
115.008191
114.805256
112.499626
109.435595
115.769784
115.758789
114.438232
114.059157
109.619676
106.023628
105.895992
99.753175
98.673179
98.212371
107.070407
113.244803
111.554317
111.275741
105.720382
84.896115
84.331459
85.764694
86.564256
79.787981
79.948114
70.937739
58.995442
72.058556
87.063363
86.647541
83.913031
91.666204
97.709303
104.646560
114.220699
113.343841
116.476851
73.215169
94.601540
84.653664
44.444030
43.703541
45.958229
73.607781
57.885256
51.561609
41.549522
45.521709
111.383581
82.444981
40.453785
37.642877
36.749947
37.040754
35.851392
35.286579
36.621918
37.503590
50.327786
33.099570
32.010811
31.164902
30.360703
29.849806
29.402838
29.748064
30.738394
30.336080
28.765677
60.712562
77.173574
84.747633
63.121305
29.387255
36.359133
73.834851
69.023471
73.453782
79.894467
79.990911
85.900845
83.833031
44.811576
53.278520
80.182089
51.140203
23.231233
22.457635
23.284549
24.002521
22.861481
22.012845
22.223390
23.309516
29.244146
29.522521
21.572425
23.568255
23.082749
20.615624
20.363366
19.958268
19.475828
19.160795
18.860970
18.704729
18.688117
18.672004
18.899309
19.256376
19.771146
20.386287
20.934090
21.599062
22.461661
23.416860
24.030703
24.033596
23.807707
23.414722
23.067177
22.727924
22.352552
22.044836
21.567369
21.010022
20.635975
20.494976
20.436322
20.469801
20.525771
20.625209
20.689478
20.836704
21.044680
21.299525
21.509584
21.627280
21.684407
21.635139
21.582002
21.495522
21.509383
21.386265
21.238964
21.076919
20.978532
20.944689
20.932417
21.079929
21.875588
21.696283
21.132510
20.990289
21.052491
21.195123
21.423058
21.589875
21.797654
22.086121
22.468951
22.843647
23.287824
23.794196
24.396610
25.056052
25.684935
26.180182
26.498256
26.725740
26.786238
26.796883
26.985296
30.193600
37.888726
43.670853
46.719269
49.002793
52.578406
52.028667
49.748935
49.021544
46.311985
34.386173
24.750617
21.820174
20.989690
20.407935
19.958841
20.072860
24.251266
27.343269
32.889720
32.329027
30.598565
32.446098
27.787627
24.563199
23.538431
18.808541
18.532938
19.515097
22.374053
25.031539
22.972356
20.667855
16.472745
14.007236
13.711168
13.620264
13.573209
13.397169
13.378322
14.365432
16.349336
16.150222
14.788329
14.418417
14.081731
13.721087
13.339119
12.956140
12.506238
11.951838
11.454870
11.061648
10.645992
10.377893
10.130674
9.928368
9.680410
9.533586
9.420826
9.498480
9.479834
9.243184
8.788697
8.361691
8.037372
7.805180
7.566153
7.363079
7.206875
6.996859
6.868638
6.674437
6.488525
6.246852
5.991869
5.690391
5.412027
5.096878
4.852564
4.548898
4.291481
4.033893
3.775841
3.516813
3.292122
3.079079
2.912832
2.696964
2.528292
2.346732
2.151565
1.954894
1.792282
1.640091
1.521315
1.354771
1.209981
1.064226
0.908001
0.753744
0.623526
0.507233
0.413852
0.300282
0.199061
0.165347
0.146843
0.086204
0.055264
0.024147
0.025474
0.025474
0.012737
0.000000
0.012742
0.000000
0.000000
0.000000
0.000000
0.000000
0.000000
0.000000
0.000000
0.000000
0.000000
0.000000
0.000000
0.000000
0.000000
0.000000
0.000000
0.000000
0.000000
0.000000
0.000000
0.000000
0.000000
0.000000
0.000000
0.000000
0.000000
0.000000
0.000000
0.000000
0.000000
0.000000
0.000000
0.000000
0.000000
0.000000
0.000000
0.000000
0.000000
0.000000
0.000000
0.000000
0.000000
0.000000
0.000000
0.000000
0.000000
0.000000
0.000000
0.000000
0.000000
0.000000
0.000000
0.000000
0.000000
0.000000
0.000000
0.000000
0.000000
0.000000
0.000000
0.000000
0.000000
0.000000
0.000000
0.000000
0.000000
0.000000
0.000000
0.000000
0.000000
0.000000
0.000000
0.000000
0.000000
0.000000
0.000000
0.000000
0.000000
0.000000
0.000000
0.000000
0.000000
0.000000
0.000000
0.000000
0.000000
0.000000
0.000000
0.000000
0.000000
0.000000
0.000000
0.000000
0.000000
0.000000
0.000000
0.000000
0.000000
0.000000
0.000000
0.000000
0.000000
0.000000
0.000000
0.000000
0.000000
0.000000
0.000000
0.000000
0.000000
0.000000
0.000000
0.000000
0.000000
0.000000
0.000000
0.000000
0.000000
0.000000
0.000000
0.000000
0.000000
0.000000
0.000000
0.000000
0.000000
0.000000
0.000000
0.000000
0.000000
0.000000
0.000000
0.000000
0.000000
0.000000
0.000000
0.000000
0.000000
0.000000
0.000000
0.000000
0.000000
0.000000
0.000000
0.000000
0.000000
0.000000
0.000000
0.000000
0.000000
0.000000
0.000000
0.000000
0.000000
0.000000
0.000000
0.000000
0.000000
0.000000
0.000000
0.000000
0.000000
0.000000
0.000000
0.000000
0.000000
0.000000
0.000000
0.000000
0.000000
0.000000
0.000000
0.000000
0.000000
0.000000
0.000000
0.000000
0.000000
0.000000
0.000000
0.000000
0.000000
0.000000
0.000000
0.000000
0.000000
0.000000
0.000000
0.000000
0.000000
0.000000
0.000000
0.000000
0.000000
0.000000
0.000000
0.000000
0.000000
0.000000
0.000000
0.000000
0.000000
0.000000
0.000000
0.000000
0.000000
0.000000
0.000000
0.000000
0.000000
0.000000
0.000000
0.000000
0.000000
0.000000
0.000000
0.000000
0.000000
0.000000
0.000000
0.000000
0.000000
0.000000
0.000000
0.000000
0.000000
0.000000
0.000000
0.000000
0.000000
0.000000
0.000000
0.000000
0.000000
0.000000
0.000000
0.000000
0.000000
0.000000
0.000000
0.000000
0.000000
0.000000
0.000000
0.000000
0.000000
0.000000
0.000000
0.000000
0.000000
0.000000
0.000000
0.000000
0.000000
0.000000
0.000000
0.000000
0.000000
0.000000
0.000000
0.000000
0.000000
0.000000
0.000000
0.000000
0.000000
0.000000
0.000000
0.000000
0.000000
0.000000
0.000000
0.000000
0.000000
0.000000
0.000000
0.000000
0.000000
0.000000
0.000000
0.000000
0.000000
0.000000
0.000000
0.000000
0.000000
0.000000
0.000000
0.000000
0.000000
0.000000
0.000000
0.000000
0.000000
0.000000
0.000000
0.000000
0.000000
0.000000
0.000000
0.000000
0.000000
0.000000
0.000000
0.000000
0.000000
0.000000
0.000000
0.000000
0.000000
0.000000
0.000000
0.000000
0.000000
0.000000
0.000000
0.000000
0.000000
0.000000
0.000000
0.000000
0.000000
0.000000
0.000000
0.000000
0.000000
0.000000
0.000000
0.000000
0.000000
0.000000
0.000000
0.000000
0.000000
0.000000
0.000000
0.000000
0.000000
0.000000
0.000000
0.000000
0.000000
0.000000
0.000000
0.000000
0.000000
0.000000
0.000000
0.000000
0.000000
0.000000
0.000000
0.000000
0.000000
0.000000
0.000000
0.000000
0.000000
0.000000
0.000000
0.000000
0.000000
0.000000
0.000000
0.000000
0.000000
0.000000
0.000000
0.000000
0.000000
0.000000
0.000000
0.000000
0.000000
0.000000
0.000000
0.000000
0.000000
0.000000
0.000000
0.000000
0.000000
0.000000
0.000000
0.000000
0.000000
0.000000
0.000000
0.000000
0.000000
0.000000
0.000000
0.000000
0.000000
0.000000
0.000000
0.000000
0.000000
0.000000
0.000000
0.000000
0.000000
0.000000
0.000000
0.000000
0.000000
0.000000
0.000000
0.000000
0.000000
0.000000
0.000000
0.000000
0.000000
0.000000
0.000000
0.000000
0.000000
0.000000
0.000000
0.000000
0.000000
0.000000
0.000000
0.000000
0.000000
0.000000
0.000000
0.000000
0.000000
0.000000
0.000000
0.000000
0.000000
0.000000
0.000000
0.000000
0.000000
0.000000
0.000000
0.000000
0.000000
0.000000
0.000000
0.000000
0.000000
0.000000
0.000000
0.000000
0.000000
0.000000
0.000000
0.000000
0.000000
0.000000
0.000000
0.000000
0.000000
0.000000
0.000000
0.000000
0.000000
0.000000
0.000000
0.000000
0.000000
0.000000
0.000000
0.000000
0.000000
0.000000
0.000000
0.000000
0.000000
0.000000
0.000000
0.000000
0.000000
0.000000
0.000000
0.000000
0.000000
0.000000
0.000000
0.000000
0.000000
0.000000
0.000000
0.000000
0.000000
0.000000
0.000000
0.000000
0.000000
0.000000
0.000000
0.000000
0.000000
0.000000
0.000000
0.000000
0.000000
0.000000
0.000000
0.000000
0.000000
0.000000
0.000000
0.000000
0.000000
0.000000
0.000000
0.000000
0.000000
0.000000
0.000000
0.000000
0.000000
0.000000
0.000000
0.000000
0.000000
0.000000
0.000000
0.000000
0.000000
0.000000
0.000000
0.000000
0.000000
0.000000
0.000000
0.000000
0.000000
0.000000
0.000000
0.000000
0.000000
0.000000
0.000000
0.000000
0.000000
0.000000
0.000000
0.000000
0.000000
0.000000
0.000000
0.000000
0.000000
0.000000
0.000000
0.000000
0.000000
0.000000
0.000000
0.000000
0.000000
0.000000
0.000000
0.000000
0.000000
0.000000
0.000000
0.000000
0.000000
0.000000
0.000000
0.000000
0.000000
0.000000
0.000000
0.000000
0.000000
0.000000
0.000000
0.000000
0.000000
0.000000
0.000000
0.000000
0.000000
0.000000
0.000000
0.000000
0.000000
0.000000
0.000000
0.000000
0.000000
0.000000
0.000000
0.000000
0.000000
0.000000
0.000000
0.013002
0.130029
0.156033
0.155997
0.155956
0.272821
0.311789
0.311906
0.416006
0.533189
0.624300
0.407276
0.257949
0.397673
0.586538
0.771240
0.947577
1.114213
1.304524
1.545221
1.742901
1.854351
1.932041
1.996575
2.139779
2.228636
2.275470
2.422445
2.553165
2.630372
2.849126
3.577268
4.729325
5.267033
5.474896
6.157782
6.874012
6.736487
7.558256
8.523441
8.467441
8.979870
8.570814
9.225630
10.914822
11.521303
12.066888
12.659640
13.056764
13.429553
13.686265
14.643784
15.149760
15.689367
16.209167
16.700807
16.696250
14.507644
12.528550
14.466044
20.360102
21.500048
22.199923
22.990382
23.733783
25.048850
26.411922
27.145520
27.372741
27.638104
28.106770
28.608495
29.085676
29.732104
30.234179
30.723551
31.487072
32.572108
33.400081
33.954711
34.219754
34.368176
35.046263
35.614128
35.512758
35.424095
35.454477
35.526122
35.674339
36.023402
36.446850
36.870888
37.208262
37.625476
38.168314
39.257141
40.272416
41.303754
42.021816
42.890888
43.753810
45.012976
46.007715
46.724600
47.642249
49.089662
50.707809
50.956177
52.914700
54.081489
54.891352
55.750346
56.214309
56.630169
57.403802
58.458173
59.336819
59.920611
60.360034
61.379315
62.149310
63.536048
65.096434
66.662461
67.608718
68.620625
69.766841
70.886306
72.219396
73.801266
75.026258
76.126671
73.059165
69.622914
62.536847
55.505519
78.392256
79.038742
78.421640
79.767922
80.671745
81.210937
82.588583
83.485022
81.802270
50.036023
36.496785
46.196295
72.521332
56.072810
52.080627
47.071560
50.843724
54.432167
52.314939
54.309693
56.685337
38.265288
37.961607
43.695515
46.810726
38.984887
39.620871
55.655989
57.677594
61.469229
49.938311
67.048723
71.810535
73.191172
98.245870
85.996334
95.038864
76.029710
61.549657
79.382303
54.626959
81.218539
44.443277
77.300047
52.119020
64.444120
63.328853
43.342503
84.820588
78.910501
42.862211
79.556849
88.950169
88.811615
88.671600
88.730492
88.500196
87.783760
87.686859
87.834601
88.091644
88.894806
89.539231
90.023161
90.081076
90.204472
90.517971
91.412160
92.967146
93.526534
93.766528
94.301764
94.739325
94.701985
92.471122
89.784759
92.572858
92.827707
93.302032
93.896717
94.268395
94.627330
95.031957
95.530692
95.624753
95.985405
96.476993
96.970494
97.416933
97.953999
98.163409
98.082146
98.114952
98.352472
98.842260
98.468505
98.647977
99.162344
99.907972
100.250786
100.392352
100.855599
100.753050
100.951439
101.479297
101.888316
102.093163
102.724915
103.382851
103.968629
104.353170
104.922784
105.638981
106.090064
106.730775
107.955841
109.714776
110.948678
111.285215
111.535622
112.067900
111.729227
111.471379
108.854906
106.993616
107.563300
107.906087
108.479179
108.697641
109.096406
109.858366
109.959757
111.016777
111.605010
112.402270
112.935495
113.305748
114.152656
114.181989
115.470049
116.598988
116.874360
117.325127
117.250431
117.028743
117.164417
117.102745
117.172670
117.546011
117.938020
118.062531
118.624713
118.866606
118.881709
118.931221
119.076891
119.285833
119.597369
119.429027
118.332617
118.343551
117.540076
114.461685
56.621972
36.831745
35.236526
35.548864
36.136221
35.288563
40.317218
106.521399
92.440652
98.498194
117.369893
118.615429
118.447956
117.824615
119.039140
118.779251
118.702909
117.741347
115.304215
115.346985
111.722569
102.021401
117.814184
101.406981
78.187853
117.008710
68.695008
72.357326
113.389591
106.458735
116.891081
91.910275
70.111721
71.948190
87.740679
95.224187
68.371479
66.225704
63.625231
60.089583
56.628978
53.561038
51.993746
51.294784
49.317469
47.193376
46.243291
46.547625
47.444026
48.671525
47.485575
46.096652
46.024121
47.608778
50.182588
51.977401
52.791110
53.425653
53.265060
52.311220
50.260954
48.943874
48.499338
46.620996
43.856903
40.802461
38.790629
37.261111
35.724343
34.778504
34.220552
34.067966
34.187456
34.792854
35.996442
37.375478
38.304241
38.219454
37.793160
37.743868
41.693303
39.353354
39.684955
41.566826
44.968476
49.164051
52.970296
55.271657
56.295695
57.617478
59.908527
62.339146
67.621612
75.967599
98.693855
72.053844
60.914426
58.612270
58.590634
60.717531
63.997778
65.758796
67.611522
66.057111
63.143374
61.828720
61.250318
62.027333
63.008369
63.273450
64.386512
67.509688
71.750135
76.578137
78.267453
74.888653
72.581868
73.569589
78.738476
91.117627
85.354623
106.889438
120.497970
120.004536
84.962020
80.635318
72.016222
70.186507
70.091805
77.321237
73.745046
79.535148
121.368406
119.032579
120.620525
120.615109
106.710965
217.128464
119.037900
87.585361
68.276397
94.599305
51.162935
73.138936
103.831983
118.835487
104.805227
104.661723
109.656321
119.982159
120.347207
120.145930
107.283626
112.072488
120.523355
120.450170
109.181047
175.499858
108.333781
113.412921
119.645488
117.739069
115.341663
117.366910
119.320774
116.836495
118.988858
119.810714
118.362535
119.506996
115.908432
117.746852
115.880865
113.977183
110.059429
111.676164
101.358625
113.524726
109.470640
108.154347
111.773366
108.446773
110.118035
110.386588
108.829947
104.647433
108.037609
113.447349
101.569424
97.835795
99.885115
100.853808
102.315888
109.639135
98.940199
82.576304
80.983454
106.718853
112.200144
91.907626
109.497494
109.366844
110.722929
113.719567
115.577929
114.913989
118.994702
118.002387
119.589033
119.194290
119.251055
118.981549
119.227214
119.343010
119.411905
118.314337
115.167043
114.744308
109.078065
118.944787
94.831881
49.544310
36.282586
32.584659
31.728407
31.655968
31.543219
31.513348
31.084780
30.497441
29.903869
29.727087
29.395332
28.818782
27.879663
26.626642
25.489830
24.896592
24.549938
24.476343
24.634014
25.320736
26.495451
27.491023
28.282432
29.556126
31.210950
33.446587
36.876624
50.524210
87.379481
95.444157
84.675991
89.816084
97.029425
104.533652
84.204149
101.490380
90.619790
53.181022
50.320372
42.787339
39.620796
40.540305
40.202195
40.102749
41.665581
43.412134
47.033498
41.572727
43.558406
48.328553
56.192731
48.831231
71.359394
62.716445
59.496703
57.244313
50.404947
49.338447
52.454888
53.653635
53.664796
61.395273
63.915243
80.199830
50.963073
44.852326
43.547621
44.043757
48.201514
61.297174
71.163167
76.509319
72.817115
113.950192
73.127831
93.446529
52.772339
68.023998
88.931861
61.216343
47.443369
44.670959
45.036296
49.766834
70.402334
80.565760
91.278468
111.781488
119.146558
115.802601
111.186887
107.761458
108.594799
108.588616
113.392246
94.620037
114.878051
113.825687
112.639095
108.302956
79.400872
60.038017
109.929063
111.939869
78.467056
41.956666
38.588693
101.781819
66.620049
73.405351
68.588769
69.890890
63.486024
43.983113
51.517163
53.581085
82.116392
103.686597
108.966857
96.364674
97.172878
81.274926
89.361212
92.370363
74.172401
80.126114
34.489118
30.303059
27.757179
25.855037
24.513333
23.910865
24.451437
47.507071
50.200811
36.257818
36.154456
34.754050
33.969857
37.025759
27.611383
25.014438
23.133973
22.226286
21.691082
21.311432
21.439324
21.225350
20.823450
20.263256
19.423999
18.592087
17.624817
16.813894
16.304300
15.736090
14.776611
13.692225
12.739115
12.089511
11.675836
11.330743
10.847982
10.126664
9.439452
8.966214
8.765195
8.938905
9.338691
9.896892
10.487998
11.113457
11.841003
12.782190
13.643966
14.211032
14.473367
14.407835
14.466434
14.694406
15.013129
15.217368
15.083546
14.602560
13.917458
13.152129
12.169717
11.026240
9.902740
8.949032
8.312951
8.157149
8.504300
9.297210
10.340109
11.381792
12.319284
13.289254
14.292266
14.953780
15.183677
15.061779
14.622138
14.021260
13.421233
12.765384
12.016561
11.244494
10.585062
10.165665
10.147103
10.449688
11.003806
11.637702
12.088575
12.126520
11.728518
11.111644
10.493474
9.851996
9.186940
8.567406
8.096093
7.774969
7.512192
7.110638
6.546145
5.852846
5.135445
4.568022
4.197646
4.066424
4.078046
4.213074
4.474454
4.828838
5.277960
5.691495
6.069191
6.257681
6.351638
6.328225
6.351187
6.245048
6.078911
5.806428
5.510871
5.321054
5.211915
5.114804
5.165060
5.319933
5.482515
5.629381
5.797615
5.893758
5.885106
5.751435
5.524052
5.294733
5.192334
5.332387
5.540131
5.929641
6.293446
6.494422
6.467193
6.215011
5.867921
5.477249
5.156906
4.907840
4.602112
4.250031
3.873596
3.589524
3.351665
3.124620
2.950540
2.697616
2.470383
2.254408
2.110882
1.979632
1.860143
1.740192
1.607787
1.475271
1.354627
1.270096
1.160817
1.026865
0.892635
0.794878
0.660215
0.574059
0.451164
0.425658
0.302873
0.289162
0.287033
0.284295
0.280716
0.276122
0.270284
0.131395
0.116407
0.010050
0.018995
0.018412
0.007827
0.014508
0.000000
0.000000
0.000000
0.000000
0.000000
0.000000
0.000000
0.000000
0.000000
0.000000
0.000000
0.000000
0.000000
0.000000
0.000000
0.000000
0.000000
0.000000
0.000000
0.000000
0.000000
0.000000
0.000000
0.000000
0.000000
0.000000
0.000000
0.000000
0.000000
0.000000
0.000000
0.000000
0.000000
0.000000
0.000000
0.000000
0.000000
0.000000
0.000000
0.000000
0.000000
0.000000
0.000000
0.000000
0.000000
0.000000
0.000000
0.000000
0.000000
0.000000
0.000000
0.000000
0.000000
0.000000
0.000000
0.000000
0.000000
0.000000
0.000000
0.000000
0.000000
0.000000
0.000000
0.000000
0.000000
0.000000
0.000000
0.000000
0.000000
0.000000
0.000000
0.000000
0.000000
0.000000
0.000000
0.000000
0.000000
0.000000
0.000000
0.000000
0.000000
0.000000
0.000000
0.000000
0.000000
0.000000
0.000000
0.000000
0.000000
0.000000
0.000000
0.000000
0.000000
0.000000
0.000000
0.000000
0.000000
0.000000
0.000000
0.000000
0.000000
0.000000
0.000000
0.000000
0.000000
0.000000
0.000000
0.000000
0.000000
0.000000
0.000000
0.000000
0.000000
0.000000
0.000000
0.000000
0.000000
0.000000
0.000000
0.000000
0.000000
0.000000
0.000000
0.000000
0.000000
0.000000
0.000000
0.000000
0.000000
0.000000
0.000000
0.000000
0.000000
0.000000
0.000000
0.000000
0.000000
0.000000
0.000000
0.000000
0.000000
0.000000
0.000000
0.000000
0.000000
0.000000
0.000000
0.000000
0.000000
0.000000
0.000000
0.000000
0.000000
0.000000
0.000000
0.000000
0.000000
0.000000
0.000000
0.000000
0.000000
0.000000
0.000000
0.000000
0.000000
0.000000
0.000000
0.000000
0.000000
0.000000
0.000000
0.000000
0.000000
0.000000
0.000000
0.000000
0.000000
0.000000
0.000000
0.000000
0.000000
0.000000
0.000000
0.000000
0.000000
0.000000
0.000000
0.000000
0.000000
0.000000
0.000000
0.000000
0.000000
0.000000
0.000000
0.000000
0.000000
0.000000
0.000000
0.000000
0.000000
0.000000
0.000000
0.000000
0.000000
0.000000
0.000000
0.000000
0.000000
0.000000
0.000000
0.000000
0.000000
0.000000
0.000000
0.000000
0.000000
0.000000
0.000000
0.000000
0.000000
0.000000
0.000000
0.000000
0.000000
0.000000
0.000000
0.000000
0.000000
0.000000
0.000000
0.000000
0.000000
0.000000
0.000000
0.000000
0.000000
0.000000
0.000000
0.000000
0.000000
0.000000
0.000000
0.000000
0.000000
0.000000
0.000000
0.000000
0.000000
0.000000
0.000000
0.000000
0.000000
0.000000
0.000000
0.000000
0.000000
0.000000
0.000000
0.000000
0.000000
0.000000
0.000000
0.000000
0.000000
0.000000
0.000000
0.000000
0.000000
0.000000
0.000000
0.000000
0.000000
0.000000
0.000000
0.000000
0.000000
0.000000
0.000000
0.000000
0.000000
0.000000
0.000000
0.000000
0.000000
0.000000
0.000000
0.000000
0.000000
0.000000
0.000000
0.000000
0.000000
0.000000
0.000000
0.000000
0.000000
0.000000
0.000000
0.000000
0.000000
0.000000
0.000000
0.000000
0.000000
0.000000
0.000000
0.000000
0.000000
0.000000
0.000000
0.000000
0.000000
0.000000
0.000000
0.000000
0.000000
0.000000
0.000000
0.000000
0.000000
0.000000
0.000000
0.000000
0.000000
0.000000
0.000000
0.000000
0.000000
0.000000
0.000000
0.000000
0.000000
0.000000
0.000000
0.000000
0.000000
0.000000
0.000000
0.000000
0.000000
0.000000
0.000000
0.000000
0.000000
0.000000
0.000000
0.000000
0.000000
0.000000
0.000000
0.000000
0.000000
0.000000
0.000000
0.000000
0.000000
0.000000
0.000000
0.000000
0.000000
0.000000
0.000000
0.000000
0.000000
0.000000
0.000000
0.000000
0.000000
0.000000
0.000000
0.000000
0.000000
0.000000
0.000000
0.000000
0.000000
0.000000
0.000000
0.000000
0.000000
0.000000
0.000000
0.000000
0.000000
0.000000
0.000000
0.000000
0.000000
0.000000
0.000000
0.000000
0.000000
0.000000
0.000000
0.000000
0.000000
0.000000
0.000000
0.000000
0.000000
0.000000
0.000000
0.000000
0.000000
0.000000
0.000000
0.000000
0.000000
0.000000
0.000000
0.000000
0.000000
0.000000
0.000000
0.000000
0.000000
0.000000
0.000000
0.000000
0.000000
0.000000
0.000000
0.000000
0.000000
0.000000
0.000000
0.000000
0.000000
0.000000
0.000000
0.000000
0.000000
0.000000
0.000000
0.000000
0.000000
0.000000
0.000000
0.000000
0.000000
0.000000
0.000000
0.000000
0.000000
0.000000
0.000000
0.000000
0.000000
0.000000
0.000000
0.000000
0.000000
0.000000
0.000000
0.000000
0.000000
0.000000
0.000000
0.000000
0.000000
0.000000
0.000000
0.000000
0.000000
0.000000
0.000000
0.000000
0.000000
0.000000
0.000000
0.000000
0.000000
0.000000
0.000000
0.000000
0.000000
0.000000
0.000000
0.000000
0.000000
0.000000
0.000000
0.000000
0.000000
0.000000
0.000000
0.000000
0.000000
0.000000
0.000000
0.000000
0.000000
0.000000
0.000000
0.000000
0.000000
0.000000
0.000000
0.000000
0.000000
0.000000
0.000000
0.000000
0.000000
0.000000
0.000000
0.000000
0.000000
0.000000
0.000000
0.000000
0.000000
0.000000
0.000000
0.000000
0.000000
0.000000
0.000000
0.000000
0.000000
0.000000
0.000000
0.000000
0.000000
0.000000
0.000000
0.000000
0.000000
0.000000
0.000000
0.000000
0.000000
0.000000
0.000000
0.000000
0.000000
0.000000
0.000000
0.000000
0.000000
0.000000
0.000000
0.000000
0.000000
0.000000
0.000000
0.000000
0.000000
0.000000
0.000000
0.000000
0.000000
0.000000
0.000000
0.000000
0.000000
0.000000
0.000000
0.000000
0.000000
0.000000
0.000000
0.000000
0.000000
0.000000
0.000000
0.000000
0.000000
0.000000
0.000000
0.000000
0.000000
0.000000
0.000000
0.000000
0.000000
0.000000
0.000000
0.000000
0.000000
0.000000
0.000000
0.000000
0.000000
0.000000
0.000000
0.000000
0.000000
0.000000
0.000000
0.000000
0.000000
0.000000
0.000000
0.000000
0.000000
0.000000
0.000000
0.000000
0.000000
0.000000
0.000000
0.000000
0.000000
0.000000
0.106488
0.159719
0.173000
0.226296
0.319613
0.319595
0.319474
0.319370
0.412424
0.465657
0.558753
0.638783
0.798527
0.477974
0.299976
0.400614
0.527292
0.688322
0.876708
1.077628
1.301577
1.545694
1.815983
2.080957
2.378972
2.664164
2.969480
3.234724
3.529522
3.843626
4.165111
4.480943
4.803956
5.159885
5.461499
5.810253
6.206518
6.588623
6.980751
7.397246
7.809896
8.257942
8.715732
9.169481
9.634531
10.126139
10.590931
11.078335
11.575906
12.120148
12.655522
13.165265
13.655166
14.053320
14.599584
15.015916
15.447756
15.872174
16.324114
16.767779
17.187439
17.673002
18.099320
18.535052
19.024532
19.585795
20.101168
20.664154
21.155535
21.713411
22.282571
22.863153
23.420850
23.961581
24.445904
25.012460
25.625237
26.123384
26.622190
27.212043
27.823612
28.250312
28.777254
29.365290
29.931912
30.473514
30.970372
31.527095
32.072540
32.636500
33.234502
33.840484
34.299667
34.759828
35.269237
35.832455
36.358019
36.928570
37.459825
38.018981
38.631044
39.193860
39.746744
40.229384
40.720482
41.173489
41.681905
42.285198
42.879271
43.341531
43.851566
44.400113
44.950564
45.490136
46.083939
46.604349
47.169309
47.694053
48.252886
48.787716
49.342249
49.940307
50.476367
51.106748
51.675862
52.191162
52.718933
53.227731
53.817762
54.354865
54.856516
55.362938
55.800195
56.353677
57.096967
57.705741
58.156347
58.571004
59.111878
59.601298
60.098490
60.689321
61.242936
61.797916
62.320207
62.855376
63.364593
63.857506
64.316036
64.897154
65.409693
65.925221
66.439453
67.160672
67.830501
68.203795
68.689627
69.159464
69.627804
70.070142
70.610346
71.122356
71.583002
72.036197
72.585417
73.142583
73.778800
74.243762
74.719851
75.158442
75.766754
76.168168
76.728975
77.155738
77.684316
78.227293
78.677763
79.149255
79.481269
80.019874
80.516127
80.914644
81.358991
81.838038
82.440307
82.840511
83.241442
83.550569
83.977748
84.324296
84.863650
85.388169
85.855089
86.293292
86.679000
87.008676
87.276926
87.650473
88.106294
88.551484
88.919308
89.447037
89.926983
90.324963
90.641143
91.008808
91.537025
91.919364
92.279786
92.630310
92.919608
93.359630
93.670760
94.057244
94.605261
95.165995
95.419074
95.762578
96.102223
96.586799
97.026077
97.462315
97.844760
98.160666
98.524209
98.935083
99.296291
99.703046
99.988244
100.400169
100.803774
101.112828
101.481700
101.944895
102.190866
102.604387
102.987865
103.232803
103.846536
104.255927
104.573426
104.904175
105.262352
105.422872
105.673358
105.929441
106.218521
106.540205
106.882023
107.370141
107.669963
107.815793
108.131352
108.404450
108.704622
109.082261
109.330623
109.581734
109.872333
110.368292
110.617169
110.745401
110.956042
111.065398
111.377177
111.748602
112.022503
112.248637
112.534252
112.876776
113.247584
113.516364
113.818835
114.050618
114.292083
114.674186
114.953316
115.078683
115.062105
115.283428
115.347184
115.660460
115.741033
115.622477
115.756122
115.920194
116.300028
116.797278
117.283708
117.583177
117.595559
117.628265
117.829305
118.071908
118.173578
118.489422
118.822623
119.130495
119.283561
119.331350
119.405103
119.620310
119.858809
119.994241
120.204403
120.366786
120.274149
120.295685
120.328832
120.315830
120.387043
120.467642
120.468640
120.632876
120.731707
120.815227
121.115513
121.509918
121.538384
121.446485
121.466340
121.765848
121.881096
121.859447
122.103113
122.186486
122.212374
122.346753
122.380344
122.305109
122.331657
122.415021
122.575139
122.719971
122.781588
122.922119
122.830739
122.841887
122.707656
122.471539
122.459773
122.540229
122.510932
122.438364
122.463914
122.464797
122.300439
122.189145
122.030070
122.196108
122.495960
122.545852
122.683846
122.752982
122.720148
122.861792
122.884945
122.673213
122.481031
122.625330
122.686243
122.708714
122.790096
122.603318
122.547990
122.569676
122.392842
121.968756
121.834500
121.691273
121.527216
121.317932
121.449321
121.360040
121.156546
121.305967
121.373639
121.257435
121.202134
121.107511
120.968682
120.818473
120.822521
120.921077
120.967877
120.893746
120.831096
120.917246
120.584931
120.421391
120.457749
120.281108
120.031330
119.833565
119.804661
119.789281
119.918408
120.083508
120.072362
120.169235
120.376798
120.333984
120.178583
120.019881
120.253732
120.084792
120.116638
120.190703
119.886765
119.782344
119.767952
119.655096
119.373250
119.084634
118.893833
119.326058
119.240550
118.947260
118.953087
119.049902
119.158434
118.831370
118.625021
118.622686
118.828797
119.203415
119.404469
119.418564
119.074106
119.003011
118.920000
118.986442
118.968601
118.755395
118.810123
118.860624
118.916466
118.728732
118.810729
118.640466
119.301084
119.750683
119.796670
119.794763
119.564991
119.650633
119.514901
119.763896
119.646857
119.630784
119.533702
119.387307
119.377829
119.552762
119.626023
119.937948
119.965563
120.098077
119.785238
120.062073
120.195349
120.551721
120.841231
120.820534
121.094354
120.975803
120.800770
120.536926
120.450214
120.314352
120.088558
119.915072
120.343828
120.653937
120.758520
120.725361
120.942893
121.175779
121.093168
120.846532
120.653368
120.791662
121.060789
121.047932
120.955978
120.769032
121.002096
121.089950
121.072669
120.899768
120.870655
120.796668
120.869766
120.862314
121.013758
121.002603
121.083464
121.280061
120.993013
120.745763
120.825871
120.954783
120.823817
120.681484
120.625475
120.506893
120.483180
120.760737
120.839699
120.781256
120.793155
120.876625
120.902817
120.786425
120.871437
121.058783
120.983668
120.968599
120.811068
120.740565
120.758176
120.805214
120.874788
120.636146
120.375077
120.124256
119.876969
119.995231
120.058943
119.976279
119.885312
119.699441
119.643091
119.391162
119.302618
119.002126
118.812999
118.423822
118.298362
118.163370
118.090810
117.780283
117.628592
117.804066
117.659722
117.565004
117.559551
117.317046
117.087988
116.909772
116.673258
116.496154
116.563217
116.642869
116.628050
116.468251
116.175978
115.926361
115.617618
115.198826
114.949716
114.762267
114.537296
114.334146
114.043568
113.877492
113.685167
113.203190
113.193854
113.138342
112.628785
112.419828
112.286098
111.986245
111.177304
110.509901
109.632052
109.573735
109.351520
109.580007
109.913996
110.451237
109.765160
109.175374
108.625743
108.481445
108.873078
108.911330
108.368540
108.011697
107.292722
106.329220
104.349079
103.572746
103.294403
102.948082
102.452291
102.239835
102.405054
101.531213
101.386717
101.437365
101.909386
101.641533
100.675528
100.904735
100.912174
100.733859
100.464910
99.912916
100.165408
100.514369
100.671097
100.453602
101.095959
101.207215
99.902732
100.284207
100.469685
100.101248
99.037543
98.353715
97.960365
97.675080
97.172071
96.857224
96.694038
96.226962
95.451106
95.344647
95.038138
94.208529
94.237522
95.095053
95.741048
96.365165
96.741638
93.740423
95.346637
78.181971
95.002887
94.763507
97.474726
100.202197
100.828768
100.212075
98.712626
97.683674
98.177232
99.131391
98.656926
96.058630
92.606006
90.206509
88.939034
87.828721
86.883289
85.651502
84.407733
83.338529
82.227721
81.362034
80.782837
80.223444
79.511037
78.812370
78.434868
77.972399
77.671448
76.736722
76.202561
75.794083
75.596396
75.750415
75.854703
75.313118
75.166118
75.251757
75.512370
75.549885
66.631268
43.170317
64.606209
73.626601
60.056427
39.218982
21.735321
22.881423
24.562307
37.235651
27.004498
30.150057
28.695230
32.678102
36.856277
52.385624
71.985335
63.912916
63.656634
42.076127
70.137959
62.383930
65.708267
64.749437
66.800469
65.623845
60.537079
62.991555
27.364450
29.024628
20.037185
28.494510
54.992593
57.474927
56.953618
55.974577
55.097034
53.809609
52.927448
52.368542
51.638544
50.903650
50.514088
50.129044
49.518206
48.962689
48.353396
47.967875
47.468067
46.995010
46.449136
45.847158
45.295532
44.828973
44.373008
43.881858
43.180899
42.703130
42.060167
41.343803
40.438504
40.068755
39.308924
38.171238
37.766964
37.493824
37.099109
36.481529
35.986475
35.637341
35.223013
34.811573
34.287838
34.013999
33.580560
33.253805
32.623029
32.052835
31.714627
31.168775
30.665092
30.197300
29.529378
28.926344
28.380482
27.826023
27.379184
26.721558
26.005657
25.484259
24.983052
24.449066
23.892614
23.287238
22.910417
22.607398
22.054090
21.512980
21.003914
20.121511
19.467964
18.983280
18.417385
17.885143
17.510741
17.026085
16.461494
16.125958
15.763582
15.049981
14.507653
14.117576
13.769157
13.562029
13.271093
12.697877
12.319380
11.975931
11.754555
11.697409
11.257286
10.738925
10.074666
9.515904
9.018541
8.601502
8.229019
7.795601
7.421211
7.058365
6.682393
6.328185
5.923089
5.083971
3.845799
3.495639
3.528448
3.390799
3.071197
3.143146
3.161357
2.984573
2.732988
2.477912
2.220391
1.938538
1.668621
1.453103
1.269597
1.087754
0.893469
0.742085
0.578383
0.457391
0.339413
0.244073
0.179568
0.158152
0.360497
0.309056
0.309093
0.309138
0.309193
0.270619
0.193345
0.154726
0.154780
0.129027
0.064535
0.000000
0.000000
0.000000
0.000000
0.000000
0.000000
0.000000
0.000000
0.000000
0.000000
0.000000
0.000000
0.000000
0.000000
0.000000
0.000000
0.000000
0.000000
0.000000
0.000000
0.000000
0.000000
0.000000
0.000000
0.000000
0.000000
0.000000
0.000000
0.000000
0.000000
0.000000
0.000000
0.000000
0.000000
0.000000
0.000000
0.000000
0.000000
0.000000
0.000000
0.000000
0.000000
0.000000
0.000000
0.000000
0.000000
0.000000
0.000000
0.000000
0.000000
0.000000
0.000000
0.000000
0.000000
0.000000
0.000000
0.000000
0.000000
0.000000
0.000000
0.000000
0.000000
0.000000
0.000000
0.000000
0.000000
0.000000
0.000000
0.000000
0.000000
0.000000
0.000000
0.000000
0.000000
0.000000
0.000000
0.000000
0.000000
0.000000
0.000000
0.000000
0.000000
0.000000
0.000000
0.000000
0.000000
0.000000
0.000000
0.000000
0.000000
0.000000
0.000000
0.000000
0.000000
0.000000
0.000000
0.000000
0.000000
0.000000
0.000000
0.000000
0.000000
0.000000
0.000000
0.000000
0.000000
0.000000
0.000000
0.000000
0.000000
0.000000
0.000000
0.000000
0.000000
0.000000
0.000000
0.000000
0.000000
0.000000
0.000000
0.000000
0.000000
0.000000
0.000000
0.000000
0.000000
0.000000
0.000000
0.000000
0.000000
0.000000
0.000000
0.000000
0.000000
0.000000
0.000000
0.000000
0.000000
0.000000
0.000000
0.000000
0.000000
0.000000
0.000000
0.000000
0.000000
0.000000
0.000000
0.000000
0.000000
0.000000
0.000000
0.000000
0.000000
0.000000
0.000000
0.000000
0.000000
0.000000
0.000000
0.000000
0.000000
0.000000
0.000000
0.000000
0.000000
0.000000
0.000000
0.000000
0.000000
0.000000
0.000000
0.000000
0.000000
0.000000
0.000000
0.000000
0.000000
0.000000
0.000000
0.000000
0.000000
0.000000
0.000000
0.000000
0.000000
0.000000
0.000000
0.000000
0.000000
0.000000
0.000000
0.000000
0.000000
0.000000
0.000000
0.000000
0.000000
0.000000
0.000000
0.000000
0.000000
0.000000
0.000000
0.000000
0.000000
0.000000
0.000000
0.000000
0.000000
0.000000
0.000000
0.000000
0.000000
0.000000
0.000000
0.000000
0.000000
0.000000
0.000000
0.000000
0.000000
0.000000
0.000000
0.000000
0.000000
0.000000
0.000000
0.000000
0.000000
0.000000
0.000000
0.000000
0.000000
0.000000
0.000000
0.000000
0.000000
0.000000
0.000000
0.000000
0.000000
0.000000
0.000000
0.000000
0.000000
0.000000
0.000000
0.000000
0.000000
0.000000
0.000000
0.000000
0.000000
0.000000
0.000000
0.000000
0.000000
0.000000
0.000000
0.000000
0.000000
0.000000
0.000000
0.000000
0.000000
0.000000
0.000000
0.000000
0.000000
0.000000
0.000000
0.000000
0.000000
0.000000
0.000000
0.000000
0.000000
0.000000
0.000000
0.000000
0.000000
0.000000
0.000000
0.000000
0.000000
0.000000
0.000000
0.000000
0.000000
0.000000
0.000000
0.000000
0.000000
0.000000
0.000000
0.000000
0.000000
0.000000
0.000000
0.000000
0.000000
0.000000
0.000000
0.000000
0.000000
0.000000
0.000000
0.000000
0.000000
0.000000
0.000000
0.000000
0.000000
0.000000
0.000000
0.000000
0.000000
0.000000
0.000000
0.000000
0.000000
0.000000
0.000000
0.000000
0.000000
0.000000
0.000000
0.000000
0.000000
0.000000
0.000000
0.000000
0.000000
0.000000
0.000000
0.000000
0.000000
0.000000
0.000000
0.000000
0.000000
0.000000
0.000000
0.000000
0.000000
0.000000
0.000000
0.000000
0.000000
0.000000
0.000000
0.000000
0.000000
0.000000
0.000000
0.000000
0.000000
0.000000
0.000000
0.000000
0.000000
0.000000
0.000000
0.000000
0.000000
0.000000
0.000000
0.000000
0.000000
0.000000
0.000000
0.000000
0.000000
0.000000
0.000000
0.000000
0.000000
0.000000
0.000000
0.000000
0.000000
0.000000
0.000000
0.000000
0.000000
0.000000
0.000000
0.000000
0.000000
0.000000
0.000000
0.000000
0.000000
0.000000
0.000000
0.000000
0.000000
0.000000
0.000000
0.000000
0.000000
0.000000
0.000000
0.000000
0.000000
0.000000
0.000000
0.000000
0.000000
0.000000
0.000000
0.000000
0.000000
0.000000
0.000000
0.000000
0.000000
0.000000
0.000000
0.000000
0.000000
0.000000
0.000000
0.000000
0.000000
0.000000
0.000000
0.000000
0.000000
0.000000
0.000000
0.000000
0.000000
0.000000
0.000000
0.000000
0.000000
0.000000
0.000000
0.000000
0.000000
0.000000
0.000000
0.000000
0.000000
0.000000
0.000000
0.000000
0.000000
0.000000
0.000000
0.000000
0.000000
0.000000
0.000000
0.000000
0.000000
0.000000
0.000000
0.000000
0.000000
0.000000
0.000000
0.000000
0.000000
0.000000
0.000000
0.000000
0.000000
0.000000
0.000000
0.000000
0.000000
0.000000
0.000000
0.000000
0.000000
0.000000
0.000000
0.000000
0.000000
0.000000
0.000000
0.000000
0.000000
0.000000
0.000000
0.000000
0.000000
0.000000
0.000000
0.000000
0.000000
0.000000
0.000000
0.000000
0.000000
0.000000
0.000000
0.000000
0.000000
0.000000
0.000000
0.000000
0.000000
0.000000
0.000000
0.000000
0.000000
0.000000
0.000000
0.000000
0.000000
0.000000
0.000000
0.000000
0.000000
0.000000
0.000000
0.000000
0.000000
0.000000
0.000000
0.000000
0.000000
0.000000
0.000000
0.000000
0.000000
0.000000
0.000000
0.000000
0.000000
0.000000
0.000000
0.000000
0.000000
0.000000
0.000000
0.000000
0.000000
0.000000
0.000000
0.000000
0.000000
0.000000
0.000000
0.000000
0.000000
0.000000
0.000000
0.000000
0.000000
0.000000
0.000000
0.000000
0.000000
0.000000
0.000000
0.000000
0.000000
0.000000
0.000000
0.000000
0.000000
0.000000
0.000000
0.000000
0.000000
0.000000
0.000000
0.000000
0.000000
0.000000
0.000000
0.000000
0.000000
0.000000
0.000000
0.000000
0.000000
0.000000
0.000000
0.000000
0.000000
0.000000
0.000000
0.000000
0.000000
0.000000
0.013101
0.144100
0.157217
0.261956
0.314321
0.314355
0.353681
0.471509
0.536951
0.667764
0.811520
0.981305
1.151064
1.346900
0.898431
0.544877
0.723205
0.944195
1.246003
1.603960
1.985013
2.402910
2.840178
3.266716
3.643162
4.042450
4.476977
4.866951
5.233515
5.551173
5.855410
6.198248
6.434446
6.709867
6.929634
7.167996
7.461634
7.358552
6.486355
6.091756
6.276405
6.805175
7.158587
7.940603
8.116178
7.248723
8.848170
9.108598
9.260565
8.375388
6.242225
5.577020
6.464399
6.099622
5.671431
5.335499
5.352050
5.870423
5.160397
4.951310
4.819186
4.783910
4.774613
4.768738
4.765572
4.772350
4.855572
4.938402
5.070375
5.212912
5.401571
5.612525
5.825767
6.040066
6.255122
6.540204
6.848870
7.193982
8.340011
18.324633
26.313620
26.793777
27.142649
27.901189
28.386993
29.013516
29.660325
30.330631
31.121454
31.806818
32.346119
32.884517
31.749660
31.019914
32.519027
31.086573
29.475548
32.973327
31.853812
37.336629
37.302802
37.384963
36.315706
37.793435
39.347268
40.056433
40.937376
41.744789
40.883701
31.942342
38.347807
34.622470
29.236833
27.404361
29.129133
30.937172
44.238070
46.568084
46.154948
47.584462
48.266395
47.330540
49.337512
47.045530
45.703902
48.263721
50.406739
51.640483
50.495483
46.815194
48.710789
53.996950
54.553107
55.085858
55.563392
56.282234
56.874024
57.473762
57.997073
58.255803
58.409640
57.444675
59.389352
60.721430
61.545956
58.708654
58.949840
59.806005
56.384816
62.296762
64.720938
65.251997
65.158243
65.648830
64.804596
54.319371
65.701016
55.209825
58.218299
58.844145
69.612510
70.535193
68.032311
69.947545
68.378696
72.461679
73.032746
73.229078
73.484713
74.484983
75.093743
75.846829
76.478470
76.934160
72.081936
72.083850
74.434795
76.843037
79.231855
79.808557
80.219988
80.548690
80.847630
81.179649
81.523470
81.259538
78.622892
83.039149
85.156821
86.265158
87.390157
88.450039
89.709095
90.956414
91.176520
88.146374
83.875837
83.823911
74.687515
77.958819
79.720820
79.285374
81.366558
83.648836
79.373504
86.455813
89.215271
94.925409
100.404339
102.606783
96.699874
92.719282
89.059649
92.744311
91.567971
84.869224
85.212981
89.539730
99.585736
102.088495
98.877480
79.105074
79.796290
84.265593
87.541861
83.973066
85.144440
87.685745
90.603237
85.204360
97.278242
81.851178
70.599500
70.310127
73.737475
79.398706
76.828438
64.493924
58.988562
58.676775
61.571901
63.039045
67.670328
70.477400
69.430541
68.631090
71.233605
76.443385
78.531997
78.806706
78.239135
78.160887
76.586167
70.593535
67.353559
60.935166
60.078243
63.673029
64.881050
62.543616
60.318727
59.316661
58.425273
57.603257
56.805540
56.014989
55.067775
53.939497
52.718201
51.472854
50.125406
48.873306
48.200959
48.138734
48.507358
49.227436
50.141266
51.254923
52.623541
54.019828
55.461895
56.640937
57.445215
57.455037
56.522622
54.950161
52.855488
50.852839
48.505495
46.342335
44.211660
43.221706
43.121231
43.771711
44.878900
46.088996
47.210905
47.956777
48.559904
49.035374
49.373621
49.866215
50.502047
51.327760
52.295594
53.432013
54.682343
55.707443
56.074730
55.427664
53.808102
51.928720
50.796099
50.758694
51.469393
52.478640
53.380163
54.017856
54.231421
54.045880
53.290322
52.258905
51.193587
50.354157
49.852017
49.671059
49.842046
50.240288
50.900447
51.720822
52.722480
53.951393
55.417248
58.227539
60.070258
60.958981
62.222223
64.674122
65.957488
66.282094
66.110865
67.078770
68.091856
68.839476
68.945802
69.639719
70.444344
70.845233
70.675154
70.469072
70.390684
70.389430
70.163231
69.292136
67.484213
64.261745
60.779697
58.308459
56.936584
56.049207
55.735062
56.822590
59.872032
64.013196
66.840651
68.405803
68.867409
68.339978
67.526345
67.622753
68.028402
67.656763
64.457980
60.551536
57.839720
55.596655
54.021469
53.089000
53.052049
53.891564
55.176562
56.176275
56.490575
56.127451
55.786547
55.603476
54.080478
51.868499
49.653613
47.929894
47.105831
47.203925
47.972644
48.872007
49.311660
49.183342
48.683614
48.214041
47.876480
47.632194
47.278455
47.105965
47.233365
47.745902
48.361612
48.804169
48.781004
48.686411
48.427882
47.897909
47.189271
46.383987
45.539245
44.770528
44.007293
43.359700
42.783826
42.363848
42.098027
42.058197
42.009853
41.940202
41.717278
41.388868
41.315510
41.577712
42.209401
43.197959
44.287139
45.209062
45.872733
46.590229
47.548862
48.848125
50.218062
50.645045
50.763906
50.629762
50.506224
50.536557
50.855797
51.462227
52.268587
53.138990
53.857444
53.769105
53.498937
53.269257
53.205518
52.919652
52.868718
52.655197
52.053514
51.224437
50.237331
49.313513
48.447544
47.790721
47.363374
47.281895
47.205478
47.083859
46.799076
46.054351
44.852258
43.349734
41.482194
39.372361
37.268810
35.300389
33.460583
31.721606
30.228749
28.903983
27.730329
26.699293
25.754426
24.976563
24.329248
23.777799
23.391953
23.113861
22.920490
22.787601
22.582226
22.269518
21.881121
21.356843
20.759053
20.265723
19.874420
19.636679
19.560735
19.550364
19.573954
19.702549
19.822807
19.938761
19.966032
19.888369
19.764589
19.527457
19.200582
18.779900
18.496266
18.431652
18.585236
18.967752
19.496768
20.225596
21.230898
22.402923
23.434367
24.291170
24.869697
25.089002
25.086364
25.114463
25.078328
25.351981
26.021931
27.007705
27.980360
28.591491
28.733133
28.770604
29.084427
29.783242
30.868006
31.750623
32.458901
33.029546
33.424517
33.819178
34.215092
34.116922
34.077881
34.061215
34.363582
35.905169
39.213328
44.731025
52.040339
57.343645
58.966577
56.406792
55.024972
53.456459
52.388998
51.964144
51.718509
51.206249
50.716850
49.978035
49.314905
48.519681
47.731355
47.062158
46.270697
45.331115
44.359422
43.584400
42.687654
41.580206
40.327367
39.077436
37.714322
36.271387
34.907125
33.684943
32.494600
31.448251
30.625754
29.916531
29.450544
29.318090
29.454821
29.940473
30.664131
31.524732
32.391494
33.210666
33.928610
34.461766
34.701385
34.767599
34.599704
34.363210
33.989090
33.574461
32.995225
32.272783
31.357511
30.302053
29.318198
28.654418
28.425228
28.482607
28.656835
28.952637
29.444744
30.123243
30.902509
31.664096
32.383280
33.027007
33.655409
34.339197
34.963929
35.385970
35.392858
35.084445
34.425239
33.507182
32.542559
31.631497
30.614321
29.844951
29.280444
28.830360
28.367507
27.924410
27.488776
26.897841
26.032292
24.877224
23.504780
22.155731
20.952176
19.901513
19.007297
18.200709
17.493686
16.991027
16.764879
16.825401
17.135429
17.764865
18.542212
19.372247
20.194447
21.142564
22.074726
23.162160
24.256325
25.287281
25.870261
25.738440
25.000711
23.956847
23.171366
23.042872
23.827622
25.499610
27.738621
30.188858
32.273391
33.730615
34.533708
34.853279
34.940566
35.043788
34.756477
34.533402
34.085081
32.809561
31.036362
29.330855
27.968161
27.211897
26.924971
26.829885
26.736411
26.841926
27.248243
27.912316
28.865765
30.012605
30.988815
31.519881
31.413196
30.775665
29.715501
28.425034
27.202755
26.192874
25.500148
25.188385
25.058422
25.128881
25.160554
25.131448
24.978271
24.741160
24.461196
24.257923
24.180453
24.369034
24.954182
25.925473
27.237691
28.712506
30.077217
31.014290
31.259961
30.665235
29.449152
27.898265
26.526720
25.459227
24.640730
23.921418
23.151417
22.278295
21.355594
20.391045
19.548873
18.851554
18.331739
17.946537
17.709768
17.527261
17.404512
17.235350
17.110617
16.916120
16.653277
16.365662
16.041778
15.649213
15.283646
14.893085
14.582618
14.330642
14.195027
14.082634
13.969686
13.786172
13.531713
13.232838
12.887194
12.562271
12.235996
11.887321
11.525818
11.130788
10.734871
10.468256
10.283062
10.169092
10.089975
10.034815
9.967532
10.077383
10.257347
10.627546
11.069078
11.462291
11.676428
11.618859
11.170142
10.484103
9.748922
9.166779
8.867389
8.815008
8.856143
9.026380
9.195239
9.385596
9.621707
9.902376
10.286512
10.785425
11.409927
12.053908
12.634967
13.038705
13.243482
13.307813
13.151304
12.868805
12.460127
12.098637
11.702924
11.171489
10.523947
9.730695
8.921857
8.057051
7.136137
6.190401
5.426379
4.891852
4.577246
4.414865
4.277287
4.309490
4.411814
4.499595
4.502819
4.421721
4.328519
4.150460
3.935782
3.696565
3.468976
3.265016
3.145754
3.099012
2.966142
2.771956
2.613806
2.442440
2.270441
2.109414
1.983624
1.832403
1.728011
1.585710
1.501491
1.414432
1.301731
1.231840
1.202673
1.134286
1.008104
0.940392
0.793276
0.617067
0.478154
0.339401
0.205837
0.134585
0.107051
0.049400
0.051440
0.155523
0.155559
0.155605
0.155637
0.090807
0.064869
0.025948
0.000000
0.012976
0.000000
0.000000
0.000000
0.000000
0.000000
0.000000
0.000000
0.000000
0.000000
0.000000
0.000000
0.000000
0.000000
0.000000
0.000000
0.000000
0.000000
0.000000
0.000000
0.000000
0.000000
0.000000
0.000000
0.000000
0.000000
0.000000
0.000000
0.000000
0.000000
0.000000
0.000000
0.000000
0.000000
0.000000
0.000000
0.000000
0.000000
0.000000
0.000000
0.000000
0.000000
0.000000
0.000000
0.000000
0.000000
0.000000
0.000000
0.000000
0.000000
0.000000
0.000000
0.000000
0.000000
0.000000
0.000000
0.000000
0.000000
0.000000
0.000000
0.000000
0.000000
0.000000
0.000000
0.000000
0.000000
0.000000
0.000000
0.000000
0.000000
0.000000
0.000000
0.000000
0.000000
0.000000
0.000000
0.000000
0.000000
0.000000
0.000000
0.000000
0.000000
0.000000
0.000000
0.000000
0.000000
0.000000
0.000000
0.000000
0.000000
0.000000
0.000000
0.000000
0.000000
0.000000
0.000000
0.000000
0.000000
0.000000
0.000000
0.000000
0.000000
0.000000
0.000000
0.000000
0.000000
0.000000
0.000000
0.000000
0.000000
0.000000
0.000000
0.000000
0.000000
0.000000
0.000000
0.000000
0.000000
0.000000
0.000000
0.000000
0.000000
0.000000
0.000000
0.000000
0.000000
0.000000
0.000000
0.000000
0.000000
0.000000
0.000000
0.000000
0.000000
0.000000
0.000000
0.000000
0.000000
0.000000
0.000000
0.000000
0.000000
0.000000
0.000000
0.000000
0.000000
0.000000
0.000000
0.000000
0.000000
0.000000
0.000000
0.000000
0.000000
0.000000
0.000000
0.000000
0.000000
0.000000
0.000000
0.000000
0.000000
0.000000
0.000000
0.000000
0.000000
0.000000
0.000000
0.000000
0.000000
0.000000
0.000000
0.000000
0.000000
0.000000
0.000000
0.000000
0.000000
0.000000
0.000000
0.000000
0.000000
0.000000
0.000000
0.000000
0.000000
0.000000
0.000000
0.000000
0.000000
0.000000
0.000000
0.000000
0.000000
0.000000
0.000000
0.000000
0.000000
0.000000
0.000000
0.000000
0.000000
0.000000
0.000000
0.000000
0.000000
0.000000
0.000000
0.000000
0.000000
0.000000
0.000000
0.000000
0.000000
0.000000
0.000000
0.000000
0.000000
0.000000
0.000000
0.000000
0.000000
0.000000
0.000000
0.000000
0.000000
0.000000
0.000000
0.000000
0.000000
0.000000
0.000000
0.000000
0.000000
0.000000
0.000000
0.000000
0.000000
0.000000
0.000000
0.000000
0.000000
0.000000
0.000000
0.000000
0.000000
0.000000
0.000000
0.000000
0.000000
0.000000
0.000000
0.000000
0.000000
0.000000
0.000000
0.000000
0.000000
0.000000
0.000000
0.000000
0.000000
0.000000
0.000000
0.000000
0.000000
0.000000
0.000000
0.000000
0.000000
0.000000
0.000000
0.000000
0.000000
0.000000
0.000000
0.000000
0.000000
0.000000
0.000000
0.000000
0.000000
0.000000
0.000000
0.000000
0.000000
0.000000
0.000000
0.000000
0.000000
0.000000
0.000000
0.000000
0.000000
0.000000
0.000000
