******************************************************

EpochBest_Trn:		0
AveErrorBest_Trn:	0.0246749
FinalErrorStream_Trn:	0.0536155
FinalError_Chk:		0.121681
output: 0
-0.19168 -0.0585136 0.0804198 -0.200391 -0.107404 0.0382498 -0.0189895 -0.158646 -0.02652 -0.0517697 -0.180401 0.0379945 -0.0126254 0.029727 -0.0474191 -0.0821941 -0.0513975 0.200947 -0.253562 0.0152635 0.063287 -0.0185389 0.0200857 0.265547 0.00358182 0.0112614 0.135142 0.092936 0.103941 -0.00585544 0.042796 0.0385891 

output: 1
-0.0312627 -0.226508 0.0496138 -0.19878 0.0546472 -0.0647441 0.0695209 -0.270169 -0.0411585 -0.0680735 -0.0694741 0.0666293 0.113403 -0.176902 -0.00895627 -0.112807 0.177149 0.0172149 -0.223028 -0.0444527 -0.0624006 -0.023606 0.150163 0.315019 0.0350628 -0.1332 0.0906282 0.0079569 0.217777 -0.0786445 0.0332191 -0.086253 

******************************************************
******************************************************

EpochBest_Trn:		0
AveErrorBest_Trn:	0.0246749
FinalErrorStream_Trn:	0.0536155
FinalError_Chk:		0.121681
output: 0
-0.19168 -0.0585136 0.0804198 -0.200391 -0.107404 0.0382498 -0.0189895 -0.158646 -0.02652 -0.0517697 -0.180401 0.0379945 -0.0126254 0.029727 -0.0474191 -0.0821941 -0.0513975 0.200947 -0.253562 0.0152635 0.063287 -0.0185389 0.0200857 0.265547 0.00358182 0.0112614 0.135142 0.092936 0.103941 -0.00585544 0.042796 0.0385891 

output: 1
-0.0312627 -0.226508 0.0496138 -0.19878 0.0546472 -0.0647441 0.0695209 -0.270169 -0.0411585 -0.0680735 -0.0694741 0.0666293 0.113403 -0.176902 -0.00895627 -0.112807 0.177149 0.0172149 -0.223028 -0.0444527 -0.0624006 -0.023606 0.150163 0.315019 0.0350628 -0.1332 0.0906282 0.0079569 0.217777 -0.0786445 0.0332191 -0.086253 

******************************************************
******************************************************

EpochBest_Trn:		0
AveErrorBest_Trn:	0.0828178
FinalErrorStream_Trn:	0.072328
FinalError_Chk:		0.485887
output: 0
-0.692336 0.025617 -0.622141 -0.178445 -0.541525 -0.704739 -0.795722 -0.112913 -0.669555 -0.325123 -0.351413 -0.324851 -0.655644 0.128447 -0.463533 -0.048077 -0.39508 -0.661586 -0.678707 -0.100346 -0.623747 -0.259882 -0.211582 -0.386364 -0.577743 0.143482 -0.44836 -0.0290986 -0.34073 -0.517306 -0.616299 -0.00499873 -0.65066 -0.223396 -0.259977 -0.249634 -0.512132 0.168735 -0.33625 0.186037 0.0180228 -0.530301 -0.519599 0.148626 -0.359573 -0.0907556 0.151039 -0.0202013 -0.229424 0.35075 -0.0463888 0.463605 0.199863 -0.350437 -0.300777 

output: 1
-0.863432 -0.380564 -0.988418 -0.489352 -0.567447 -0.892582 -0.912698 -0.379664 -0.988587 -0.549333 -0.381157 -0.482563 -0.828407 -0.303303 -0.819773 -0.325207 -0.500123 -0.774019 -0.805811 -0.384405 -0.906014 -0.481552 -0.274259 -0.513523 -0.744697 -0.224999 -0.780757 -0.298208 -0.451561 -0.537697 -0.793667 -0.322308 -0.950646 -0.46248 -0.278151 -0.397555 -0.670822 -0.188496 -0.666837 -0.00158571 -0.205288 -0.533898 -0.594591 -0.0943415 -0.59501 -0.24191 0.178256 -0.106613 -0.240264 0.102835 -0.180801 0.328469 0.146036 -0.150668 -0.255685 

******************************************************
******************************************************

EpochBest_Trn:		0
AveErrorBest_Trn:	0.0905391
FinalErrorStream_Trn:	0.0278103
FinalError_Chk:		0.233375
output: 0
-0.543372 0.155442 -0.299201 -0.0765141 -0.154181 -0.196168 -0.48833 0.0249955 -0.372706 -0.127862 0.14769 0.0808836 -0.558384 0.202697 -0.214018 -0.0641723 -0.118405 -0.138247 -0.40499 -0.0580225 -0.365961 -0.119577 0.191865 -0.0229156 -0.43275 0.284725 -0.298273 -0.0202 0.000917444 -0.0389209 -0.428137 -0.000765272 -0.379806 -0.108773 0.0739447 0.109673 -0.379012 0.323153 -0.126898 0.121641 0.160322 -0.127886 -0.228206 0.185756 -0.339169 -0.0836617 0.482099 0.171509 -0.204451 0.427597 0.0587117 0.212673 0.126792 0.0382814 -0.108989 

output: 1
-0.490875 0.0960621 -0.227922 0.019386 -0.114516 -0.124715 -0.34937 0.0890353 -0.170649 0.00623723 0.113607 0.159823 -0.546299 0.147714 -0.142931 0.0555357 -0.156631 -0.100572 -0.325221 0.000762512 -0.163853 0.0130218 0.130099 0.042813 -0.444339 0.194857 -0.214711 0.0752536 -0.106897 0.0911514 -0.427099 0.0265807 -0.247946 0.0305571 0.0589564 0.17776 -0.413274 0.214249 -0.123802 0.277394 -0.0361075 -0.144685 -0.235495 0.169022 -0.15781 0.0404868 0.410973 0.12007 -0.256298 0.253316 0.0654571 0.24805 -0.00177017 0.0104275 -0.157853 

******************************************************
******************************************************

EpochBest_Trn:		0
AveErrorBest_Trn:	0.0822061
FinalErrorStream_Trn:	0.0291617
FinalError_Chk:		0.20596
output: 0
-0.143987 0.17414 -0.375588 -0.260466 -0.0475786 -0.305657 -0.282543 0.312811 -0.1211 -0.441977 0.101546 -0.0872762 -0.104967 0.198482 -0.344452 -0.204003 -0.134833 -0.266597 -0.230578 0.317401 -0.23843 -0.374018 0.14592 -0.181757 -0.000919512 0.206067 -0.221232 -0.249874 -0.143214 -0.288577 -0.244957 0.286832 -0.12483 -0.31818 0.116514 -0.0618572 0.0458214 0.341934 -0.361982 -0.0102142 0.0903304 -0.182364 -0.126601 0.480368 -0.125834 -0.191792 0.17045 0.0246475 0.337323 0.175421 -0.280208 -0.0077094 

output: 1
0.0684212 0.113782 -0.198509 -0.154466 0.106744 -0.134669 -0.0100851 0.256264 0.104492 -0.396513 0.176953 -0.0496449 0.0980054 0.0701844 -0.180109 -0.135517 0.00711955 -0.107452 0.0110823 0.250657 -0.0165601 -0.32593 0.181095 -0.147275 0.156386 0.0392674 0.00162319 -0.265185 -0.012914 -0.182798 0.0129177 0.236583 0.08645 -0.319607 0.157217 -0.0667809 0.273746 0.0745727 -0.25162 -0.0161311 0.11815 -0.106085 0.062723 0.438875 -0.0113761 -0.180047 0.13956 0.0141305 0.35111 -0.000507572 -0.134726 -0.065042 

******************************************************
******************************************************

EpochBest_Trn:		0
AveErrorBest_Trn:	0.0815273
FinalErrorStream_Trn:	0.0417742
FinalError_Chk:		0.163939
output: 0
-0.192699 -0.103884 -0.197677 -0.329987 -0.298627 -0.0950036 -0.207648 -0.152987 0.0351268 0.161153 -0.333357 -0.0730221 -0.082741 -0.0752446 -0.214994 -0.31069 -0.219111 -0.128088 -0.227109 -0.123927 0.0922225 0.0728021 -0.275918 0.0597645 -0.134475 -0.0791999 -0.169443 -0.146272 -0.232394 -0.188209 -0.204014 -0.157822 0.04812 0.164804 -0.197351 0.0817948 0.0018551 0.109642 0.0216836 -0.313862 -0.187158 -0.00282934 -0.106837 -0.113238 0.198079 0.296727 -0.050548 0.087064 0.0688335 0.234746 -0.170002 -0.249051 -0.116055 

output: 1
-0.205607 -0.0384208 -0.0390246 -0.180548 -0.164703 -0.0235968 -0.0825052 0.0331296 0.133121 0.216982 -0.35669 0.0111474 -0.087891 -0.000641299 -0.0827951 -0.170697 -0.161298 -0.113456 -0.0719516 0.0495701 0.1437 0.126318 -0.294058 0.0592551 -0.159131 0.0413429 -0.106664 0.0400682 -0.237782 -0.149814 -0.0993268 -0.0380029 0.129605 0.228457 -0.23734 0.0795717 -0.0751293 0.228173 -0.0294122 -0.228819 -0.0947704 -0.0881245 -0.042746 0.104687 0.312475 0.186648 -0.109495 0.0478809 -0.0218949 0.259621 -0.143061 -0.10181 -0.128978 

******************************************************
******************************************************

EpochBest_Trn:		0
AveErrorBest_Trn:	0.0907166
FinalErrorStream_Trn:	0.0442922
FinalError_Chk:		0.15913
output: 0
-0.414694 0.0398071 -0.103349 -0.00826323 -0.178456 -0.154994 -0.145848 -0.0943416 -0.130206 -0.175269 0.129443 0.144049 -0.420574 0.0277479 0.0216031 -0.0269779 -0.165557 -0.146683 -0.0650206 -0.180814 -0.131226 -0.100074 0.187649 0.0181024 -0.324513 0.145552 -0.101403 -0.000922206 -0.0965582 0.00660918 -0.225623 -0.186948 -0.10096 -0.140107 0.14943 0.0990333 -0.214584 0.110084 0.0322633 0.134052 -0.00370642 -0.211398 -0.0252442 -0.0352666 -0.0978652 -0.161295 0.358079 0.149156 -0.248149 0.0995982 0.109942 0.199858 -0.200186 -0.0593027 -0.0706093 

output: 1
-0.381049 0.0978088 -0.166051 0.0204699 -0.0421599 -0.126242 -0.136924 -0.00626082 -0.050726 0.0195863 0.149152 0.185407 -0.399128 0.0818325 -0.0481968 0.0357988 -0.0823135 -0.118008 -0.126793 -0.110469 -0.0269939 0.04729 0.15322 0.081563 -0.314754 0.118797 -0.143078 0.0922542 -0.10192 0.0892481 -0.263979 -0.11986 -0.0628742 -0.0222518 0.146887 0.180249 -0.266731 0.113238 -0.0572189 0.263687 -0.0626602 -0.195031 -0.0465607 -0.0706809 -0.0342255 0.0792149 0.340877 0.0932178 -0.180808 0.0855457 0.00930133 0.26201 -0.167496 -0.0372185 -0.128714 

******************************************************
******************************************************

EpochBest_Trn:		0
AveErrorBest_Trn:	0.0907166
FinalErrorStream_Trn:	0.0442922
FinalError_Chk:		0.15913
output: 0
-0.414694 0.0398071 -0.103349 -0.00826323 -0.178456 -0.154994 -0.145848 -0.0943416 -0.130206 -0.175269 0.129443 0.144049 -0.420574 0.0277479 0.0216031 -0.0269779 -0.165557 -0.146683 -0.0650206 -0.180814 -0.131226 -0.100074 0.187649 0.0181024 -0.324513 0.145552 -0.101403 -0.000922206 -0.0965582 0.00660918 -0.225623 -0.186948 -0.10096 -0.140107 0.14943 0.0990333 -0.214584 0.110084 0.0322633 0.134052 -0.00370642 -0.211398 -0.0252442 -0.0352666 -0.0978652 -0.161295 0.358079 0.149156 -0.248149 0.0995982 0.109942 0.199858 -0.200186 -0.0593027 -0.0706093 

output: 1
-0.381049 0.0978088 -0.166051 0.0204699 -0.0421599 -0.126242 -0.136924 -0.00626082 -0.050726 0.0195863 0.149152 0.185407 -0.399128 0.0818325 -0.0481968 0.0357988 -0.0823135 -0.118008 -0.126793 -0.110469 -0.0269939 0.04729 0.15322 0.081563 -0.314754 0.118797 -0.143078 0.0922542 -0.10192 0.0892481 -0.263979 -0.11986 -0.0628742 -0.0222518 0.146887 0.180249 -0.266731 0.113238 -0.0572189 0.263687 -0.0626602 -0.195031 -0.0465607 -0.0706809 -0.0342255 0.0792149 0.340877 0.0932178 -0.180808 0.0855457 0.00930133 0.26201 -0.167496 -0.0372185 -0.128714 

******************************************************
******************************************************

EpochBest_Trn:		0
AveErrorBest_Trn:	0.0907166
FinalErrorStream_Trn:	0.0442922
FinalError_Chk:		0.15913
output: 0
-0.414694 0.0398071 -0.103349 -0.00826323 -0.178456 -0.154994 -0.145848 -0.0943416 -0.130206 -0.175269 0.129443 0.144049 -0.420574 0.0277479 0.0216031 -0.0269779 -0.165557 -0.146683 -0.0650206 -0.180814 -0.131226 -0.100074 0.187649 0.0181024 -0.324513 0.145552 -0.101403 -0.000922206 -0.0965582 0.00660918 -0.225623 -0.186948 -0.10096 -0.140107 0.14943 0.0990333 -0.214584 0.110084 0.0322633 0.134052 -0.00370642 -0.211398 -0.0252442 -0.0352666 -0.0978652 -0.161295 0.358079 0.149156 -0.248149 0.0995982 0.109942 0.199858 -0.200186 -0.0593027 -0.0706093 

output: 1
-0.381049 0.0978088 -0.166051 0.0204699 -0.0421599 -0.126242 -0.136924 -0.00626082 -0.050726 0.0195863 0.149152 0.185407 -0.399128 0.0818325 -0.0481968 0.0357988 -0.0823135 -0.118008 -0.126793 -0.110469 -0.0269939 0.04729 0.15322 0.081563 -0.314754 0.118797 -0.143078 0.0922542 -0.10192 0.0892481 -0.263979 -0.11986 -0.0628742 -0.0222518 0.146887 0.180249 -0.266731 0.113238 -0.0572189 0.263687 -0.0626602 -0.195031 -0.0465607 -0.0706809 -0.0342255 0.0792149 0.340877 0.0932178 -0.180808 0.0855457 0.00930133 0.26201 -0.167496 -0.0372185 -0.128714 

******************************************************
******************************************************

EpochBest_Trn:		0
AveErrorBest_Trn:	0.0907166
FinalErrorStream_Trn:	0.0442922
FinalError_Chk:		0.15913
output: 0
-0.414694 0.0398071 -0.103349 -0.00826323 -0.178456 -0.154994 -0.145848 -0.0943416 -0.130206 -0.175269 0.129443 0.144049 -0.420574 0.0277479 0.0216031 -0.0269779 -0.165557 -0.146683 -0.0650206 -0.180814 -0.131226 -0.100074 0.187649 0.0181024 -0.324513 0.145552 -0.101403 -0.000922206 -0.0965582 0.00660918 -0.225623 -0.186948 -0.10096 -0.140107 0.14943 0.0990333 -0.214584 0.110084 0.0322633 0.134052 -0.00370642 -0.211398 -0.0252442 -0.0352666 -0.0978652 -0.161295 0.358079 0.149156 -0.248149 0.0995982 0.109942 0.199858 -0.200186 -0.0593027 -0.0706093 

output: 1
-0.381049 0.0978088 -0.166051 0.0204699 -0.0421599 -0.126242 -0.136924 -0.00626082 -0.050726 0.0195863 0.149152 0.185407 -0.399128 0.0818325 -0.0481968 0.0357988 -0.0823135 -0.118008 -0.126793 -0.110469 -0.0269939 0.04729 0.15322 0.081563 -0.314754 0.118797 -0.143078 0.0922542 -0.10192 0.0892481 -0.263979 -0.11986 -0.0628742 -0.0222518 0.146887 0.180249 -0.266731 0.113238 -0.0572189 0.263687 -0.0626602 -0.195031 -0.0465607 -0.0706809 -0.0342255 0.0792149 0.340877 0.0932178 -0.180808 0.0855457 0.00930133 0.26201 -0.167496 -0.0372185 -0.128714 

******************************************************
******************************************************

EpochBest_Trn:		0
AveErrorBest_Trn:	0.0905391
FinalErrorStream_Trn:	0.0278103
FinalError_Chk:		0.233375
output: 0
-0.543372 0.155442 -0.299201 -0.0765141 -0.154181 -0.196168 -0.48833 0.0249955 -0.372706 -0.127862 0.14769 0.0808836 -0.558384 0.202697 -0.214018 -0.0641723 -0.118405 -0.138247 -0.40499 -0.0580225 -0.365961 -0.119577 0.191865 -0.0229156 -0.43275 0.284725 -0.298273 -0.0202 0.000917444 -0.0389209 -0.428137 -0.000765272 -0.379806 -0.108773 0.0739447 0.109673 -0.379012 0.323153 -0.126898 0.121641 0.160322 -0.127886 -0.228206 0.185756 -0.339169 -0.0836617 0.482099 0.171509 -0.204451 0.427597 0.0587117 0.212673 0.126792 0.0382814 -0.108989 

output: 1
-0.490875 0.0960621 -0.227922 0.019386 -0.114516 -0.124715 -0.34937 0.0890353 -0.170649 0.00623723 0.113607 0.159823 -0.546299 0.147714 -0.142931 0.0555357 -0.156631 -0.100572 -0.325221 0.000762512 -0.163853 0.0130218 0.130099 0.042813 -0.444339 0.194857 -0.214711 0.0752536 -0.106897 0.0911514 -0.427099 0.0265807 -0.247946 0.0305571 0.0589564 0.17776 -0.413274 0.214249 -0.123802 0.277394 -0.0361075 -0.144685 -0.235495 0.169022 -0.15781 0.0404868 0.410973 0.12007 -0.256298 0.253316 0.0654571 0.24805 -0.00177017 0.0104275 -0.157853 

******************************************************
******************************************************

EpochBest_Trn:		0
AveErrorBest_Trn:	0.0663731
FinalErrorStream_Trn:	0.0389792
FinalError_Chk:		0.175306
output: 0
0.0381629 0.0301121 -0.222178 -0.148783 0.0881525 -0.251362 -0.194213 0.29551 0.00595399 -0.273632 0.236958 -0.0239081 0.0584273 0.0582038 -0.196703 -0.0690611 -0.00669952 -0.214482 -0.140205 0.328054 -0.130702 -0.22332 0.296797 -0.144392 0.0797487 0.105001 -0.0948294 -0.167197 -0.022559 -0.242943 -0.119552 0.255531 -0.0174494 -0.18857 0.256546 -0.0226114 0.157528 0.246769 -0.267788 0.0197716 0.198299 -0.167811 -0.147716 0.497356 -0.0256589 -0.14184 0.254979 0.0497537 0.321699 0.0526101 -0.162274 -0.00108154 

output: 1
0.100806 0.0527329 -0.181555 -0.148858 0.114305 -0.136516 -0.0486503 0.219146 0.0966657 -0.334164 0.191277 -0.0401844 0.138767 0.0154341 -0.169993 -0.115107 0.00862246 -0.106215 -0.0374755 0.22071 -0.0300831 -0.282295 0.192502 -0.143337 0.168814 -0.0138743 0.0207179 -0.248184 -0.0154524 -0.183492 -0.0164 0.189957 0.0649981 -0.285935 0.170647 -0.0644412 0.2949 0.0428032 -0.249332 -0.00471752 0.121713 -0.105415 0.000862933 0.402529 -0.0270235 -0.138722 0.134387 0.0130869 0.368739 -0.0382011 -0.120768 -0.064281 

******************************************************
******************************************************

EpochBest_Trn:		0
AveErrorBest_Trn:	0.0597011
FinalErrorStream_Trn:	0.0673507
FinalError_Chk:		0.227576
output: 0
0.128029 -0.473333 0.0897508 -0.0618904 0.00570871 -0.112348 -0.219527 -0.514273 0.0870429 -0.193776 -0.111116 0.273262 0.154732 -0.494314 0.107487 0.0213813 0.0967434 -0.0992069 -0.202805 -0.420267 -0.00119692 -0.249003 -0.0279143 0.293556 0.0204507 -0.427203 0.289039 -0.0766535 0.0731028 0.0809749 -0.107072 -0.405525 -0.0626179 -0.246346 0.0137892 0.127748 0.138417 -0.353981 0.287816 0.0652492 0.264329 0.299124 -0.281761 -0.413274 0.370749 -0.199808 -0.0178076 0.5819 0.272149 -0.299171 0.438 0.195949 0.349511 0.0997779 -0.19797 -0.292023 

output: 1
0.179039 -0.346412 0.088797 -0.158057 0.042903 -0.0546511 -0.180715 -0.295079 0.0465075 -0.0838092 0.0126208 0.204266 0.21971 -0.391076 0.104362 -0.063554 0.106878 -0.0835952 -0.176638 -0.272291 -0.0364331 -0.114537 0.0355778 0.208734 0.0952673 -0.337295 0.190217 -0.14485 0.102416 -0.0452981 0.0202224 -0.335413 -0.0586228 -0.184402 0.026656 0.13652 0.182683 -0.291536 0.204765 -0.0528962 0.324587 0.0672825 -0.245161 -0.267795 0.144545 -0.0929166 0.0471687 0.455833 0.202216 -0.180514 0.245345 0.067772 0.320749 -0.0368246 -0.127241 -0.224723 

******************************************************
******************************************************

EpochBest_Trn:		0
AveErrorBest_Trn:	0.0618017
FinalErrorStream_Trn:	0.0366557
FinalError_Chk:		0.215022
output: 0
-0.0762169 0.0957318 -0.185344 -0.469957 0.0856532 -0.257078 -0.253749 0.337887 0.124906 -0.500229 0.202739 0.0290689 -0.0140391 0.0996964 -0.169381 -0.360807 -0.0186932 -0.259503 -0.213512 0.353268 -0.0216402 -0.454576 0.287481 -0.0956982 -0.0435683 0.163882 -0.0736585 -0.413679 -0.0511897 -0.277203 -0.184678 0.272537 0.0681705 -0.376874 0.256734 0.0400019 0.0663281 0.332682 -0.224604 -0.289779 0.17802 -0.204445 -0.235361 0.516492 0.163218 -0.294914 0.311326 0.138351 0.257807 0.157238 -0.117472 -0.154539 

output: 1
0.0146192 0.0912889 -0.135786 -0.263972 0.0809239 -0.133284 -0.100068 0.262342 0.181016 -0.391767 0.13378 -0.00368948 0.0747931 0.0591768 -0.126894 -0.224733 -0.0311406 -0.119064 -0.0956933 0.259985 0.055111 -0.356849 0.155285 -0.10777 0.0823551 0.0414974 0.0623687 -0.326631 -0.0659584 -0.183923 -0.0942476 0.219358 0.13696 -0.328796 0.144595 -0.0175573 0.220267 0.146145 -0.187213 -0.125543 0.0806881 -0.101867 -0.0587505 0.4591 0.116113 -0.182076 0.165907 0.0694998 0.324613 0.0889442 -0.0470512 -0.122898 

******************************************************
******************************************************

EpochBest_Trn:		0
AveErrorBest_Trn:	0.0907166
FinalErrorStream_Trn:	0.0442922
FinalError_Chk:		0.15913
output: 0
-0.414694 0.0398071 -0.103349 -0.00826323 -0.178456 -0.154994 -0.145848 -0.0943416 -0.130206 -0.175269 0.129443 0.144049 -0.420574 0.0277479 0.0216031 -0.0269779 -0.165557 -0.146683 -0.0650206 -0.180814 -0.131226 -0.100074 0.187649 0.0181024 -0.324513 0.145552 -0.101403 -0.000922206 -0.0965582 0.00660918 -0.225623 -0.186948 -0.10096 -0.140107 0.14943 0.0990333 -0.214584 0.110084 0.0322633 0.134052 -0.00370642 -0.211398 -0.0252442 -0.0352666 -0.0978652 -0.161295 0.358079 0.149156 -0.248149 0.0995982 0.109942 0.199858 -0.200186 -0.0593027 -0.0706093 

output: 1
-0.381049 0.0978088 -0.166051 0.0204699 -0.0421599 -0.126242 -0.136924 -0.00626082 -0.050726 0.0195863 0.149152 0.185407 -0.399128 0.0818325 -0.0481968 0.0357988 -0.0823135 -0.118008 -0.126793 -0.110469 -0.0269939 0.04729 0.15322 0.081563 -0.314754 0.118797 -0.143078 0.0922542 -0.10192 0.0892481 -0.263979 -0.11986 -0.0628742 -0.0222518 0.146887 0.180249 -0.266731 0.113238 -0.0572189 0.263687 -0.0626602 -0.195031 -0.0465607 -0.0706809 -0.0342255 0.0792149 0.340877 0.0932178 -0.180808 0.0855457 0.00930133 0.26201 -0.167496 -0.0372185 -0.128714 

******************************************************
