----------Results----------

WBest_Trn:
0 0 0 0 0 0 0 0 0 0 0 0 0 0 0 0 0 0 0 0 
0 0 0 0 0 0 0 0 0 0 0 0 0 0 0 0 0 0 0 0 

epochPassed:			99
EpochBest_Trn:			0
AveErrorLastdata:		0
AveErrorBestAlter_Trn:		0
----------Results----------

WBest_Trn:
0 0 0 0 0 0 0 0 0 0 0 0 0 0 0 0 0 0 0 0 
0 0 0 0 0 0 0 0 0 0 0 0 0 0 0 0 0 0 0 0 

epochPassed:			99
EpochBest_Trn:			0
AveErrorLastdata:		0
AveErrorBestAlter_Trn:		0
----------Results----------

WBest_Trn:
0 0 0 0 0 0 0 0 0 0 0 0 0 0 0 0 0 0 0 0 
0 0 0 0 0 0 0 0 0 0 0 0 0 0 0 0 0 0 0 0 

epochPassed:			99
EpochBest_Trn:			0
AveErrorLastdata:		0
AveErrorBestAlter_Trn:		0
----------Results----------

WBest_Trn:
0 0 0 0 0 0 0 0 0 0 0 0 0 0 0 0 0 0 0 0 
0 0 0 0 0 0 0 0 0 0 0 0 0 0 0 0 0 0 0 0 

epochPassed:			99
EpochBest_Trn:			0
AveErrorLastdata:		0
AveErrorBestAlter_Trn:		0
----------Results----------

WBest_Trn:
0 0 0 0 0 0 0 0 0 0 0 0 0 0 0 0 0 0 0 0 
0 0 0 0 0 0 0 0 0 0 0 0 0 0 0 0 0 0 0 0 

epochPassed:			99
EpochBest_Trn:			0
AveErrorLastdata:		0
AveErrorBestAlter_Trn:		0
----------Results----------

WBest_Trn:
0 0 0 0 0 0 0 0 0 0 0 0 0 0 0 0 0 0 0 0 
0 0 0 0 0 0 0 0 0 0 0 0 0 0 0 0 0 0 0 0 

epochPassed:			99
EpochBest_Trn:			0
AveErrorLastdata:		0
AveErrorBestAlter_Trn:		0
----------Results----------

WBest_Trn:
0 0 0 0 0 0 0 0 0 0 0 0 0 0 0 0 0 0 0 0 
0 0 0 0 0 0 0 0 0 0 0 0 0 0 0 0 0 0 0 0 

epochPassed:			99
EpochBest_Trn:			0
AveErrorLastdata:		0
AveErrorBestAlter_Trn:		0
----------Results----------

WBest_Trn:
0 0 0 0 0 0 0 0 0 0 0 0 0 0 0 0 0 0 0 0 
0 0 0 0 0 0 0 0 0 0 0 0 0 0 0 0 0 0 0 0 

epochPassed:			99
EpochBest_Trn:			0
AveErrorLastdata:		0
AveErrorBestAlter_Trn:		0
----------Results----------

WBest_Trn:
0 0 0 0 0 0 0 0 0 0 0 0 0 0 0 0 0 0 0 0 
0 0 0 0 0 0 0 0 0 0 0 0 0 0 0 0 0 0 0 0 

epochPassed:			99
EpochBest_Trn:			0
AveErrorLastdata:		0
AveErrorBestAlter_Trn:		0
----------Results----------

WBest_Trn:
0 0 0 0 0 0 0 0 0 0 0 0 0 0 0 0 0 0 0 0 
0 0 0 0 0 0 0 0 0 0 0 0 0 0 0 0 0 0 0 0 

epochPassed:			99
EpochBest_Trn:			0
AveErrorLastdata:		0
AveErrorBestAlter_Trn:		0
----------Results----------

WBest_Trn:
0 0 0 0 0 0 0 0 0 0 0 0 0 0 0 0 0 0 0 0 
0 0 0 0 0 0 0 0 0 0 0 0 0 0 0 0 0 0 0 0 

epochPassed:			99
EpochBest_Trn:			0
AveErrorLastdata:		0
AveErrorBestAlter_Trn:		0
----------Results----------

WBest_Trn:
0 0 0 0 0 0 0 0 0 0 0 0 0 0 0 0 0 0 0 0 
0 0 0 0 0 0 0 0 0 0 0 0 0 0 0 0 0 0 0 0 

epochPassed:			99
EpochBest_Trn:			0
AveErrorLastdata:		0
AveErrorBestAlter_Trn:		0
----------Results----------

WBest_Trn:
0 0 0 0 0 0 0 0 0 0 0 0 0 0 0 0 0 0 0 0 
0 0 0 0 0 0 0 0 0 0 0 0 0 0 0 0 0 0 0 0 

epochPassed:			99
EpochBest_Trn:			0
AveErrorLastdata:		0
AveErrorBestAlter_Trn:		0
----------Results----------

WBest_Trn:
0 0 0 0 0 0 0 0 0 0 0 0 0 0 0 0 0 0 0 0 
0 0 0 0 0 0 0 0 0 0 0 0 0 0 0 0 0 0 0 0 

epochPassed:			99
EpochBest_Trn:			0
AveErrorLastdata:		0
AveErrorBestAlter_Trn:		0
----------Results----------

WBest_Trn:
0 0 0 0 0 0 0 0 0 0 0 0 0 0 0 0 0 0 0 0 
0 0 0 0 0 0 0 0 0 0 0 0 0 0 0 0 0 0 0 0 

epochPassed:			99
EpochBest_Trn:			0
AveErrorLastdata:		0
AveErrorBestAlter_Trn:		0
----------Results----------

WBest_Trn:
0 0 0 0 0 0 0 0 0 0 0 0 0 0 0 0 0 0 0 0 
0 0 0 0 0 0 0 0 0 0 0 0 0 0 0 0 0 0 0 0 

epochPassed:			99
EpochBest_Trn:			0
AveErrorLastdata:		0
AveErrorBestAlter_Trn:		0
----------Results----------

WBest_Trn:
0.135497 0.116357 -0.960129 0.322816 0.0283456 0.613827 0.582539 1.26268 0.650719 1.75197 0.575753 0.788795 1.22612 0.643285 1.91027 -0.0896458 -0.426167 -0.383172 -0.131672 -0.728751 
0.769528 0.100944 -2.30156 1.21401 0.0915886 1.22033 -0.421094 0.4228 1.25385 0.722609 1.35687 -0.440943 0.146926 1.42835 0.650799 -0.512674 0.272926 0.146853 -0.546716 -0.0439458 

epochPassed:			0
EpochBest_Trn:			0
AveErrorLastdata:		0.100941
AveErrorBestAlter_Trn:		0.00376562
AveErrorBest_Trn:		0.0204356----------Results----------

WBest_Trn:
0.135497 0.116357 -0.960129 0.322816 0.0283456 0.613827 0.582539 1.26268 0.650719 1.75197 0.575753 0.788795 1.22612 0.643285 1.91027 -0.0896458 -0.426167 -0.383172 -0.131672 -0.728751 
0.769528 0.100944 -2.30156 1.21401 0.0915886 1.22033 -0.421094 0.4228 1.25385 0.722609 1.35687 -0.440943 0.146926 1.42835 0.650799 -0.512674 0.272926 0.146853 -0.546716 -0.0439458 

epochPassed:			0
EpochBest_Trn:			0
AveErrorLastdata:		0.100941
AveErrorBestAlter_Trn:		0.00376562
AveErrorBest_Trn:		0.0204356----------Results----------

WBest_Trn:
0.135497 0.116357 -0.960129 0.322816 0.0283456 0.613827 0.582539 1.26268 0.650719 1.75197 0.575753 0.788795 1.22612 0.643285 1.91027 -0.0896458 -0.426167 -0.383172 -0.131672 -0.728751 
0.769528 0.100944 -2.30156 1.21401 0.0915886 1.22033 -0.421094 0.4228 1.25385 0.722609 1.35687 -0.440943 0.146926 1.42835 0.650799 -0.512674 0.272926 0.146853 -0.546716 -0.0439458 

epochPassed:			0
EpochBest_Trn:			0
AveErrorLastdata:		0.100941
AveErrorBestAlter_Trn:		0.00376562
AveErrorBest_Trn:		0.0204356----------Results----------

WBest_Trn:
0.135497 0.116357 -0.960129 0.322816 0.0283456 0.613827 0.582539 1.26268 0.650719 1.75197 0.575753 0.788795 1.22612 0.643285 1.91027 -0.0896458 -0.426167 -0.383172 -0.131672 -0.728751 
0.769528 0.100944 -2.30156 1.21401 0.0915886 1.22033 -0.421094 0.4228 1.25385 0.722609 1.35687 -0.440943 0.146926 1.42835 0.650799 -0.512674 0.272926 0.146853 -0.546716 -0.0439458 

epochPassed:			0
EpochBest_Trn:			0
AveErrorLastdata:		0.100941
AveErrorBestAlter_Trn:		0.00376562
AveErrorBest_Trn:		0.0204356----------Results----------

WBest_Trn:
0.135497 0.116357 -0.960129 0.322816 0.0283456 0.613827 0.582539 1.26268 0.650719 1.75197 0.575753 0.788795 1.22612 0.643285 1.91027 -0.0896458 -0.426167 -0.383172 -0.131672 -0.728751 
0.769528 0.100944 -2.30156 1.21401 0.0915886 1.22033 -0.421094 0.4228 1.25385 0.722609 1.35687 -0.440943 0.146926 1.42835 0.650799 -0.512674 0.272926 0.146853 -0.546716 -0.0439458 

epochPassed:			0
EpochBest_Trn:			0
AveErrorLastdata:		0.100941
AveErrorBestAlter_Trn:		0.00376562
AveErrorBest_Trn:		0.0204356----------Results----------

WBest_Trn:
0.135497 0.116357 -0.960129 0.322816 0.0283456 0.613827 0.582539 1.26268 0.650719 1.75197 0.575753 0.788795 1.22612 0.643285 1.91027 -0.0896458 -0.426167 -0.383172 -0.131672 -0.728751 
0.769528 0.100944 -2.30156 1.21401 0.0915886 1.22033 -0.421094 0.4228 1.25385 0.722609 1.35687 -0.440943 0.146926 1.42835 0.650799 -0.512674 0.272926 0.146853 -0.546716 -0.0439458 

epochPassed:			0
EpochBest_Trn:			0
AveErrorLastdata:		0.100941
AveErrorBestAlter_Trn:		0.00376562
AveErrorBest_Trn:		0.0204356----------Results----------

WBest_Trn:
0.135497 0.116357 -0.960129 0.322816 0.0283456 0.613827 0.582539 1.26268 0.650719 1.75197 0.575753 0.788795 1.22612 0.643285 1.91027 -0.0896458 -0.426167 -0.383172 -0.131672 -0.728751 
0.769528 0.100944 -2.30156 1.21401 0.0915886 1.22033 -0.421094 0.4228 1.25385 0.722609 1.35687 -0.440943 0.146926 1.42835 0.650799 -0.512674 0.272926 0.146853 -0.546716 -0.0439458 

epochPassed:			0
EpochBest_Trn:			0
AveErrorLastdata:		0.100941
AveErrorBestAlter_Trn:		0.00376562
AveErrorBest_Trn:		0.0204356----------Results----------

WBest_Trn:
0.9649 -2.0263 -1.43859 1.44345 0.769824 -0.824285 -2.18561 2.18464 -0.770516 1.96011 -0.636498 -0.845904 2.50539 -0.452394 3.28379 -0.08598 -0.941573 -1.63361 -0.228105 -2.65435 
1.72175 -2.19032 -2.72379 2.41105 0.642005 0.913005 -2.98928 0.837521 0.937358 0.475283 1.26546 -2.45723 0.620918 1.3933 0.954123 -0.929674 0.457309 -0.55258 -1.01237 -1.0367 

epochPassed:			14
EpochBest_Trn:			14
AveErrorLastdata:		0.0144532
AveErrorBestAlter_Trn:		0.00134563
AveErrorBest_Trn:		0.00994441----------Results----------

WBest_Trn:
-1.4441 -3.01354 -1.66092 -0.210337 3.82823 -0.25588 -2.49717 0.639205 0.193256 3.9267 -0.669817 -0.93785 -0.644305 0.187514 5.15303 1.10755 -0.314235 -0.469691 0.688752 -3.42398 
-0.76909 -3.13888 -1.96632 0.380126 3.17246 1.34847 -4.31523 -1.6626 2.03928 3.35995 1.53601 -2.44076 -4.77315 2.8838 4.2441 0.368747 0.269172 2.47321 -0.370324 -2.43955 

epochPassed:			75
EpochBest_Trn:			75
AveErrorLastdata:		0.0122694
AveErrorBestAlter_Trn:		0.00119497
AveErrorBest_Trn:		0.00998299----------Results----------

WBest_Trn:
-1.4441 -3.01354 -1.66092 -0.210337 3.82823 -0.25588 -2.49717 0.639205 0.193256 3.9267 -0.669817 -0.93785 -0.644305 0.187514 5.15303 1.10755 -0.314235 -0.469691 0.688752 -3.42398 
-0.76909 -3.13888 -1.96632 0.380126 3.17246 1.34847 -4.31523 -1.6626 2.03928 3.35995 1.53601 -2.44076 -4.77315 2.8838 4.2441 0.368747 0.269172 2.47321 -0.370324 -2.43955 

epochPassed:			75
EpochBest_Trn:			75
AveErrorLastdata:		0.0122694
AveErrorBestAlter_Trn:		0.00119497
AveErrorBest_Trn:		0.00998299----------Results----------

WBest_Trn:
-1.08819 -2.3662 -1.663 -0.185194 3.5483 -0.350454 -1.54467 0.401821 0.6091 4.89801 -1.39347 -1.7341 -0.301979 -0.225122 4.95607 1.39636 1.49684 -0.639487 0.97192 -2.19498 
-0.589922 -2.83733 -2.65266 0.270856 3.67347 1.68118 -2.04479 -1.57302 2.73822 3.99576 0.97506 -2.70772 -3.50237 2.24862 2.78324 0.812375 2.69769 1.07309 0.457216 -0.106191 

epochPassed:			48
EpochBest_Trn:			48
AveErrorLastdata:		0.0289381
AveErrorBestAlter_Trn:		0.00114565
AveErrorBest_Trn:		0.00961969----------Results----------

WBest_Trn:
-1.38445 -1.96458 -1.19164 -0.551318 3.42345 -1.91897 -4.13341 -1.23375 -0.435822 6.69763 -1.69497 -3.38687 -2.17943 0.0638076 7.30809 0.255975 1.33859 -0.878935 -0.328169 -4.17217 
-1.53363 -2.26139 -1.88833 -0.522662 4.04792 -0.94025 -5.19091 -3.354 0.731631 6.75702 0.767886 -5.07513 -6.61157 2.88775 5.96461 -1.742 2.99699 1.91564 -2.47606 -2.52995 

epochPassed:			99
EpochBest_Trn:			98
AveErrorLastdata:		0.0220837
AveErrorBestAlter_Trn:		0.00129988
AveErrorBest_Trn:		0.0100765----------Results----------

WBest_Trn:
-0.799739 -1.70959 -0.961605 -0.434908 2.62726 -2.0439 -4.2375 -0.995118 -0.677664 6.70281 -1.52107 -3.42293 -2.54742 0.250213 7.4855 0.424284 1.76771 -0.864816 -0.17985 -4.44864 
-0.0922595 -1.89 -1.42465 -0.221848 2.21141 -0.979856 -5.84694 -3.0625 0.414531 6.37364 1.15153 -4.70897 -7.18123 3.25281 6.42857 -0.903134 2.96474 1.59016 -1.63615 -3.36579 

epochPassed:			99
EpochBest_Trn:			95
AveErrorLastdata:		0.0214127
AveErrorBestAlter_Trn:		0.00166852
AveErrorBest_Trn:		0.0119198----------Results----------

WBest_Trn:
0.29998 -0.00966276 -1.88607 0.704047 0.202236 0.0758367 -0.25697 1.84196 0.0108023 1.72129 0.0610973 0.250957 2.17326 0.0502352 2.47313 0.0171364 -0.439152 -1.40774 0.0117814 -1.68945 
1.00169 -0.0297914 -3.33708 1.67081 0.204236 1.38553 -1.76154 0.549685 1.31381 0.148257 1.66048 -1.59436 0.571261 1.64621 0.562893 -0.837041 0.572454 -0.603085 -0.8317 -0.67014 

epochPassed:			8
EpochBest_Trn:			8
AveErrorLastdata:		0.0182042
AveErrorBestAlter_Trn:		0.00114161
AveErrorBest_Trn:		0.00993854----------Results----------

WBest_Trn:
-0.783491 -1.57298 -2.41719 0.290065 3.36494 -1.2767 -2.42068 2.35169 -1.01244 3.10943 -1.14623 -2.14207 2.13627 -0.716852 3.82628 0.0452123 0.905102 -1.99409 -0.10966 -2.72183 
-0.228231 -1.85112 -3.87591 1.04148 3.55673 0.378741 -3.23125 1.1204 0.491601 1.37505 1.01737 -3.36276 0.128389 1.31766 1.39632 -0.949969 1.95289 -0.869839 -1.01927 -1.15031 

epochPassed:			31
EpochBest_Trn:			31
AveErrorLastdata:		0.0177537
AveErrorBestAlter_Trn:		0.00114312
AveErrorBest_Trn:		0.00978476----------Results----------

WBest_Trn:
-0.796387 -1.71003 -0.960011 -0.435321 2.62705 -2.0451 -4.24807 -0.99363 -0.678651 6.71057 -1.52511 -3.42941 -2.56169 0.250419 7.49894 0.437264 1.77626 -0.855471 -0.170192 -4.45685 
-0.0885661 -1.89685 -1.42466 -0.223612 2.21686 -0.976541 -5.86569 -3.05831 0.41419 6.37556 1.15081 -4.70885 -7.19943 3.25434 6.44277 -0.879726 2.96416 1.598 -1.6153 -3.3785 

epochPassed:			99
EpochBest_Trn:			96
AveErrorLastdata:		0.0559827
AveErrorBestAlter_Trn:		0.00179968
AveErrorBest_Trn:		0.0119101