0.651631028386763
0.597696179441273
0.546270085239109
0.499702732831132
0.459032305284374
0.424253172538819
0.394555731964103
0.368611289396345
0.34491774482316
0.322175680392753
0.299605895798849
0.277158846513304
0.255643009154478
0.236839734711572
0.223674402369129
0.220245695819117
0.23118152439505
0.259840781902735
0.306005022013535
0.365187086894346
0.430645542681485
0.496254884077064
0.557980610073303
0.613803781148307
0.663015009740004
0.705556869236226
0.741605017509487
0.771388034996453
0.795164904457881
0.813312839914874
0.82646578612528
0.835690076456215
0.842648830636535
0.849669515477035
0.859496222229729
0.87444515758538
0.894998254681395
0.91835286964159
0.938144782623383
0.946615770924118
0.938348590795978
0.912427794480289
0.871599725253071
0.820155614858854
0.762347284622054
0.701699152112962
0.640868605659336
0.581730455246653
0.525480525622403
0.472699838980284
0.423363623056222
0.376846941188393
0.3320890900697
0.288025988357036
0.244185837021023
0.201074215451137
0.160069362339403
0.123050591719308
0.0921877287211881
0.070050332736547
0.0598193876746726
0.0652321273744779
0.0897454086860566
0.134731840241417
0.197666903129187
0.272194259590807
0.350466731975363
0.425791304935311
0.493759641477778
0.552010494431871
0.59951356281458
0.636019997973178
0.661829319100542
0.677738742694997
0.685006024164218
0.685289779189046
0.680620207411411
0.673417108626378
0.666557443502348
0.663340427208954
0.667180128140166
0.680875812136157
0.705535475008163
0.739413798151088
0.777145334369264
0.810591268902926
0.832090216081703
0.838014165231001
0.829457600018016
0.810344672274206
0.785294283237059
0.758408494634553
0.73284577013591
0.710738776475357
0.693156099044016
0.680047067301738
0.67015392584085
0.661028724566204
0.649239378891779
0.630982220270468
0.603280072965578
0.565564300915448
0.520324516659348
0.47195892308212
0.424981702304947
0.383060275422536
0.348872298978707
0.324188989854632
0.309833462824714
0.305576011440282
0.310163384341677
0.321601414271076
0.337667353533989
0.356494274228963
0.377080025673074
0.39966782645903
0.425846479523472
0.458128117645734
0.498581224875857
0.546846603384792
0.599343535002083
0.650980193448862
0.697696179441273
0.737634699185893
0.770868943462937
0.798633021428009
0.822610321026022
0.844416669481697
0.865281671902623
0.885915841862874
0.906539877715097
0.927020910042901
0.947014379173282
0.965976421308651
0.982889121598036
0.995578150863088
1
0.990951367541578
0.965002420925807
0.922897454086861
0.868621423504375
0.806885563400106
0.741526196669256
0.675141033003412
0.609281716943103
0.544804017610828
0.482170725939939
0.42166109290725
0.363487934781385
0.307843799614904
0.254912227364344
0.20488013602225
0.158005382337376
0.114730489027013
0.0758436644934635
0.0426139242644327
0.0169363465414542
0.00152011620443876
0
0.016568140616379
0.0545564075713047
0.114022227476945
0.190048305914941
0.273860757355674
0.356244299564233
0.430367417716673
0.492516524226148
0.54144174576901
0.577398687070004
0.601430035244176
0.614944431307638
0.61953067819703
0.616920582373408
0.609030616266369
0.598057629294328
0.586611717280906
0.577818689547231
0.575237870035695
0.58237678613654
0.601728428425047
0.633560787757998
0.674823497618485
0.718953034039343
0.757872512920988
0.785730049882332
0.801105743787229
0.806163789705998
0.804620027249491
0.8002398405567
0.796124266684683
0.79444876082379
0.796358477181367
0.801943496717675
0.810284993638032
0.819571214629148
0.827180803747368
0.829640013962549
0.822701527998289
0.802397279555
0.767394070420791
0.720496796495851
0.667115945455979
0.612524631512572
0.56047247463658
0.513082007454199
0.471152698487766
0.434473983492664
0.402115776554178
0.372757265592451
0.345049488227545
0.317953135380423
0.290990777961693
0.264357216047923
0.238982535553829
0.216631197288563
0.200104719116306
0.193336260964542
0.200899683590627
0.226392595345066
0.270184328164938
0.328393518674909
0.394489297255909
0.462087175849295
0.526648200069813
0.585626456778029
0.637866657658571
0.682974698510286
0.720896530757018
0.751736873515072
0.775731063293135
0.793313740724476
0.805225821707259
0.812643988784921
0.817333828778615
0.821729779639451
0.828762850611988
0.841182763008254
0.860346361292211
0.884795459919603
0.909437106599556
0.926545732977514
0.929029715456767
0.913703566080015
0.881828418290939
0.837310407728946
0.784687362767287
0.727976894233692
0.67031494555732
0.613958044792758
0.560385771712326
0.510373948586292
0.463992388158858
0.420583499420104
0.378870384758302
0.337372338389127
0.295098469749688
0.252151245932282
0.209800808476618
0.170049206724544
0.135201387246788
0.107788625026743
0.0907329212129401
0.0874269499712867
0.101281401659742
0.134457093312615
0.186202974923713
0.25219516040041
0.325832967379432
0.400539359749575
0.471312592192233
0.534975058834127
0.589695864157912
0.634462723372631
0.668836491797003
0.69295904694344
0.707592698938171
0.71406839396908
0.714196759337455
0.710217432917835
0.70479793714601
0.701026922946999
0.702212613586461
0.711367091173192
0.730343771464604
0.758771070499612
0.793055883975723
0.826213559436544
0.849841795313538
0.857923183461136
0.849336215924062
0.827091848799108
0.795971129052236
0.760677408821178
0.725016608677048
0.69172606379984
0.662477902014436
0.63788354783862
0.617418279678861
0.599379567386188
0.581024445720591
0.559042439392404
0.530526185409136
0.494244952651195
0.451482394802329
0.405572633404272
0.36054116136878
0.32008918015066
0.287310970734948
0.264714161852965
0.254113884854013
0.256309608260424
0.270779988514678
0.295712146291479
0.328502741839228
0.366501142902183
0.407674897814411
0.450984697496875
0.49637311533741
0.544236507561171
0.594362057899537
0.644908736727134
0.692611109234425
0.734276931392089
0.768153002511007
0.794231440507156
0.813834183472396
0.829054487720839
0.84226711256742
0.855686923622606
0.870978166627256
0.888950444211735
0.909379679987389
0.930974338186445
0.951426094202164
0.967475143285027
0.975002533527007
0.969525611143015
0.947727144771363
0.909435980587553
0.857946829713205
0.798175860554673
0.734674413629249
0.670739452082559
0.608358387100407
0.548455674537491
0.491185578038262
0.436242948349829
0.383162742514835
0.33159251877625
0.281460212365864
0.233019175984416
0.186808769381482
0.14360256280332
0.104437613304958
0.0707372000585526
0.0445270186580189
0.0286716436397212
0.0269251990226216
0.0433874945106915
0.0808960803522165
0.138818137801349
0.212062966591224
0.292661779774572
0.372634530284093
0.445949171818172
0.508963055546172
0.560005179655215
0.598780529000439
0.625867873751534
0.642376335731739
0.649731446137216
0.649595198684818
0.643864923600086
0.634761116553502
0.624947921944848
0.6176029456474
0.616271999459514
0.624304969090971
0.643909964080217
0.675044195971129
0.714403945546059
0.755204990485199
0.789141866252294
0.810254591313943
0.817306804490536
0.812890585413641
0.801186816651466
0.786341474400117
0.771755114909525
0.759863302142801
0.752060038960015
0.748638088482023
0.748739429562319
0.750377777027103
0.75054104876758
0.745379409744508
0.730761521917824
0.703695571394791
0.664261505027644
0.616073821346935
0.564409012600074
0.514045873729014
0.468384960983684
0.429462104066029
0.398149962278598
0.374299902036956
0.35690076456215
0.344334470605457
0.334756612505489
0.32654460696551
0.318717697530656
0.311262372056886
0.305355313087638
0.303515409474265
0.309563219943925
0.327905955477485
0.361563580267766
0.409759146032497
0.467538199957211
0.52830118569064
0.586729948541251
0.639911495456542
0.686925874629824
0.728001666497765
0.763818982310352
0.795092839689671
0.822393000709387
0.846129333738698
0.866628382258555
0.884281998446103
0.899725253071198
0.913999707236879
0.928563546487406
0.94482541183889
0.962906912587688
0.979990766701573
0.989980745194744
0.98610951592744
0.964795234717202
0.926895922710536
0.87601369230596
0.816371088515804
0.751664808746861
0.684758301523494
0.617741445123805
0.552084811224088
0.488774786339222
0.428409282842955
0.371243905460032
0.317233613710322
0.266095778581
0.217500478555101
0.171361010708374
0.128093999482034
0.0886554290668739
0.0544494364309924
0.0273384454278283
0.0098571090767828
0.00546566226395976
0.0184136742897679
0.0525532322174554
0.108829060117781
0.182980328570303
0.266237656093414
0.349016428515128
0.424184485806619
0.487895370964655
0.538811381729329
0.577053001384995
0.60346924298213
0.619269443412267
0.625901654111633
0.625008726593025
0.61844858066187
0.60834600096837
0.597213120291862
0.588074406873177
0.584457656318616
0.589990879302773
0.60745194743776
0.637482687565449
0.677422333322073
0.721002375885327
0.760104268711504
0.788409958450157
0.803899379567386
0.80835951311241
0.805427377855848
0.798974203065005
0.79229807789751
0.787797407920368
0.786863943969643
0.789824229526287
0.795960994944206
0.803578466146449
0.81008231147744
0.811981893726987
0.805026517582677
0.785207580312806
0.751002713688928
