0.706326843972674
0.653434672588425
0.599232040813096
0.547623193452899
0.500923767160925
0.460119716605874
0.42514885427997
0.395151861893983
0.368778705188247
0.34454027602208
0.321181517420417
0.297987838384843
0.274971676416914
0.252982173668226
0.233817114454412
0.220403834368661
0.216843316878142
0.227773619380793
0.2565551286603
0.302961708324759
0.362478545309818
0.428337377405809
0.494390686798836
0.556581586618153
0.612857889107236
0.662480128264562
0.705357849533367
0.74164143361427
0.771543448715658
0.79532621305214
0.813379811899749
0.826366824886762
0.835377229422154
0.84210478708128
0.848910361795613
0.858569777775768
0.873443898953215
0.894072060622644
0.917720273805943
0.938065764985493
0.947287607047315
0.939809276567069
0.914556625683215
0.874202586548051
0.823049404017539
0.765399322947643
0.704832082422192
0.644051143006393
0.584961703802031
0.528779247915588
0.47609625269385
0.42688218972391
0.380493700970803
0.335838547661637
0.291808661476083
0.247899758260197
0.204600292620491
0.163304395413049
0.125911612329861
0.0946188584182664
0.0719995658181276
0.061230950835687
0.066035218481675
0.0898756475980923
0.134188204273526
0.19657132002596
0.270796067940418
0.349084486817379
0.424720325817313
0.493235129836209
0.552190017887389
0.600483705742281
0.637799602452223
0.66438080463851
0.68098034648618
0.688828409967188
0.68957126801459
0.685235102699842
0.678238442734351
0.671456612341167
0.668187810796204
0.671850089663079
0.685271284522547
0.70961373642899
0.743225519039554
0.780833131695051
0.814311493834391
0.835879252212179
0.841723747260923
0.832821888193645
0.813089226636153
0.787194348399294
0.759304947185846
0.732640074534555
0.709383077309248
0.690657853377686
0.676458749330071
0.665578196833638
0.655605581950698
0.643143205392901
0.624407805323703
0.596432472281332
0.558614552781365
0.513372575535208
0.465048359267409
0.418137495449005
0.376322615222145
0.342335446201022
0.318016738615729
0.30427103803388
0.300940048981143
0.306802634941238
0.319857488845822
0.337834201320184
0.358794783485712
0.381660564753025
0.406581925822741
0.435032145288109
0.469344950713573
0.511337348008078
0.560395376867604
0.612845451605681
0.663730662511787
0.709249656838025
0.747792343474043
0.779615387224651
0.806080129169107
0.828957217256016
0.8499245835133
0.870244069007782
0.890621219282198
0.911227897994396
0.931837968752473
0.951958454222079
0.970836320218176
0.987148668848129
0.998319806608158
1
0.987182589306915
0.95724891511066
0.911798892383953
0.855203737582285
0.792135428562383
0.726225715778214
0.659839985889089
0.594339579974266
0.530424390166685
0.468442666509879
0.408595670392641
0.351058657518696
0.296011406319608
0.243650655456332
0.194204802684691
0.147989308271391
0.105532200691525
0.0677312414209506
0.0360009135910233
0.0124363708727282
0
0.00255534122850855
0.0242610428053576
0.0678330027973071
0.132125840379366
0.211037265016022
0.295407622153225
0.376478649332558
0.448194413978847
0.507494160027679
0.553529876009416
0.586775317665097
0.608370212409913
0.619774270653602
0.62261228237199
0.618659418241518
0.609896633055261
0.598621472554957
0.587581493902232
0.580045498642051
0.579635061090746
0.589707175986124
0.612307246992951
0.646955864960392
0.689671898708987
0.733188455284921
0.76957267006022
0.793954695835246
0.805974975746872
0.808410464687672
0.805140532460748
0.799852332936087
0.79546867897904
0.793943389015651
0.796186662023333
0.802042463891672
0.810355237658041
0.819079579657675
0.825343557713399
0.825409137267051
0.814932238230166
0.79041000789216
0.751597088267818
0.702264303692129
0.648026620776055
0.5938386878662
0.543019056513746
0.497332721257499
0.457303187844717
0.422506450540579
0.391862708073748
0.363976698906178
0.337499519460167
0.311467828706206
0.285531115236844
0.260057981370884
0.236199461343114
0.216026964503371
0.202725621931612
0.200570542116772
0.21408445289692
0.24606579212186
0.29544380397593
0.35711232872995
0.424256746213911
0.49100994773988
0.553589802153271
0.610063973985269
0.659668122231243
0.702221337777667
0.737773370630762
0.766487038992698
0.788645013353354
0.804741401729039
0.815606124678038
0.822550773273392
0.827521251167429
0.833119257548998
0.842276650739127
0.857361078761044
0.87879202462173
0.903690772052256
0.925631655476684
0.936688594358802
0.931131292527775
0.907746528241043
0.869173313192119
0.81976929565298
0.763927175036351
0.705309230209109
0.646673194470513
0.589948011243501
0.536334464769081
0.486358322158427
0.43985337316349
0.395973867678552
0.35338899303726
0.310807510441848
0.267659556184717
0.224518386019344
0.182944341049861
0.145023529491578
0.113086286863059
0.0897806703134929
0.0782601518279735
0.0821101239001291
0.104554160796543
0.146834881990724
0.206646826967217
0.278231432506202
0.354415652256502
0.428924201342798
0.497434482633856
0.557413768540358
0.607519939576356
0.647126597936279
0.676174948158232
0.695181711897714
0.70523573588174
0.707917713489714
0.70523460519978
0.699610593133142
0.693913086739136
0.691392796651372
0.695382973286508
0.708600645393263
0.732150489246084
0.764408845551106
0.80021980457293
0.831532910759796
0.850458265398192
0.85296951003028
0.839957622040157
0.815442175793908
0.784271535533942
0.750775082483249
0.718287197740445
0.689076029316322
0.664352537589522
0.644224137346199
0.627611027315015
0.612252974258895
0.594956932324162
0.572256230622938
0.541587613152997
0.502625443509999
0.457709102668183
0.410824244534849
0.366120471901423
0.327133427255315
0.296680770039642
0.276881398246538
0.269001675670664
0.273171630737363
0.288262842851037
0.312134931062321
0.342235946188584
0.376293217491198
0.412868517517656
0.451640732591455
0.493292794616145
0.538791436667111
0.588047334869553
0.638843221900857
0.687384529104884
0.730177449226727
0.765434374088388
0.793209576423924
0.814872312086312
0.832474768832073
0.848229691255984
0.864073937554697
0.881331536302806
0.900509033018175
0.921246870837677
0.942384970070849
0.962049790710769
0.977603451745886
0.985454907272773
0.981202412423029
0.961059313314232
0.924208126889652
0.87354905237545
0.813907840374844
0.749889758508947
0.684863108335161
0.620881208291969
0.558941319867665
0.499318198778411
0.441882947280823
0.386386815343806
0.332679422266746
0.28081164873782
0.231048074335555
0.18383531843396
0.139792994746852
0.0997804215634618
0.0650470024490571
0.0374368796796099
0.0196162013156615
0.0151827973523951
0.0282987080827931
0.0623231896085805
0.117570571514503
0.189777052131222
0.271078738430297
0.352916367978182
0.428500195607979
0.493651220797312
0.546461983080475
0.586609107417048
0.614728037068277
0.631992419908143
0.639868750438139
0.640022523184634
0.63431936338083
0.624916612205486
0.614383179070625
0.605805825725728
0.602705495792732
0.608580519254383
0.626015635070136
0.65555357058056
0.694620893645793
0.737044080766874
0.774564630911488
0.80054883302315
0.812847260696817
0.813413732358535
0.806158146224314
0.795191661898958
0.783983211634265
0.77507456847523
0.769975192837808
0.769107959774859
0.771778630563238
0.776215426572383
0.779661745184991
0.778477921173377
0.768444249464622
0.745895059145973
0.70980142963427
0.662992327192223
0.610716377475911
0.558148711814043
0.509087290908639
0.465822876409678
0.429374212762686
0.399705118144958
0.375924615172395
0.356558294569787
0.339902218624141
0.324445796237543
0.309240385245957
0.294186485636947
0.280194296387923
0.269342010940479
0.264990016078297
0.271578499856403
0.293415360540557
0.332313081311862
0.385686923210865
0.447425550246376
0.510912211591299
0.571372037330596
0.626342402156437
0.675051050290472
0.717611049928654
0.754459974989315
0.786053490302141
0.812755675458096
0.834881990723885
0.852810083873988
0.867152784530462
0.878958234869779
0.889853486231686
0.90197213547379
0.917320012392274
0.936391225003449
0.956529801384407
0.971542996442875
0.974064417212598
0.959408517653337
0.927395519333531
0.881132536277931
0.8248743247002
0.762628021464866
0.697630769022028
0.632306749492889
0.568371207410037
0.506962739506706
0.448724703817861
0.3938470549127
0.342090088215807
0.292883940019583
0.24559768979062
0.199956581812754
0.156365400227493
0.115899423578337
0.0801009020580673
0.0508976484076606
0.0307760322560949
0.0230319915153626
0.0317246744201297
0.0607255359997829
0.111524815076966
0.180944164663475
0.261291555388717
0.343433338383713
0.420040433186872
0.486752930162298
0.541676937027799
0.584438198054775
0.615467503069801
0.635656960138938
0.646232228506301
0.648707291315684
0.644865234017245
0.636779727324739
0.626900959044438
0.618168702271088
0.614011184705944
0.618025105662229
0.633138931415094
0.660396281413172
0.697740445172101
0.7394173821999
0.777231909653989
0.804062992553329
0.816979903258852
0.81733493739414
0.808828817012693
0.795649588092562
0.781482143139813
0.769122658640332
0.760358742772116
0.755910639943375
0.755375827376524
0.757224492380334
0.758853805083998
0.756693071859361
0.746530502407222
