#shannon= 1.697736e+00
0 1.697736e+00
1 1.392529e+00
2 1.266600e+00
3 1.200450e+00
4 1.147051e+00
5 1.123452e+00
6 1.083212e+00
7 1.060002e+00
8 1.026734e+00
9 1.001880e+00
10 9.853154e-01
11 9.595367e-01
12 9.406648e-01
13 9.214849e-01
14 9.101910e-01
15 9.053387e-01
16 8.963095e-01
17 8.851728e-01
18 8.587664e-01
19 8.460975e-01
20 8.258705e-01
21 8.146339e-01
22 8.080973e-01
23 8.067004e-01
24 8.075463e-01
25 8.013154e-01
26 7.895827e-01
27 7.824071e-01
28 7.759790e-01
29 7.550254e-01
30 7.398266e-01
31 7.293495e-01
32 7.296640e-01
33 7.225749e-01
34 7.163637e-01
35 7.181351e-01
36 7.116161e-01
37 7.021299e-01
38 7.001388e-01
39 6.884337e-01
40 6.843672e-01
41 6.731046e-01
42 6.689301e-01
43 6.630110e-01
44 6.533385e-01
45 6.492862e-01
46 6.401986e-01
47 6.365456e-01
48 6.296647e-01
49 6.390572e-01
50 6.254740e-01
