0.0838323353293413
0.0359281437125748
0.0479041916167665
0.173652694610778
0.550898203592814
0.81437125748503
0.401197604790419
0.119760479041916
0.0359281437125748
0.0419161676646707
0.119760479041916
0.419161676646707
0.832335329341317
0.526946107784431
0.161676646706587
0.0419161676646707
0.029940119760479
0.0778443113772455
0.29940119760479
0.766467065868264
0.694610778443114
0.239520958083832
0.0598802395209581
0.029940119760479
0.0538922155688623
0.191616766467066
0.622754491017964
0.826347305389222
0.353293413173653
0.0898203592814371
0.0359281437125748
0.0359281437125748
0.119760479041916
0.455089820359281
0.880239520958084
0.514970059880239
0.143712574850299
0.0419161676646707
0.0239520958083832
0.0778443113772455
0.293413173652695
0.802395209580838
0.718562874251497
0.239520958083832
0.0538922155688623
0.029940119760479
0.0419161676646707
0.173652694610778
0.604790419161677
0.892215568862275
0.383233532934132
0.0958083832335329
0.0239520958083832
0.0239520958083832
0.0958083832335329
0.389221556886228
0.904191616766467
0.610778443113772
0.161676646706587
0.0419161676646707
0.0179640718562874
0.0479041916167665
0.209580838323353
0.718562874251497
0.862275449101796
0.29940119760479
0.0718562874251497
0.0179640718562874
0.0239520958083832
0.107784431137725
0.44311377245509
0.964071856287425
0.538922155688623
0.131736526946108
0.0239520958083832
0.00598802395209581
0.0419161676646707
0.227544910179641
0.772455089820359
0.850299401197605
0.269461077844311
0.0538922155688623
0.00598802395209581
0.0119760479041916
0.0898203592814371
0.449101796407186
1
0.544910179640719
0.125748502994012
0.0179640718562874
0
0.0359281437125748
0.197604790419162
0.74251497005988
0.922155688622755
0.293413173652695
0.0479041916167665
0
0.00598802395209581
0.0658682634730539
