-0.419644516278082
-1.16493040956161
-0.187334933589841
-0.91455954098855
0.156380544602141
1.41991249480122
-0.135227525374296
-0.454689008712635
0.416852546214414
1.1981218095273
-0.00354714299850179
0.204635094585058
0.780227788240924
2.09806309111168
-1.22772333578733
0.20801253625041
-0.0336577113412149
-0.549626543262716
-0.140132597482401
-0.979759170813794
-0.393916593481976
0.906551474446196
-1.05584620994129
-0.0205467784467082
-2.25681731508287
-0.665101056359028
0.442578098956011
-2.00998852034811
0.493766637053135
0.953516387574061
-1.70572710729844
0.0600084981265632
-0.0867206117040475
-0.170913380366185
-1.23156610209898
-0.846909597021433
0.156081504243079
-1.18695185625947
-0.686356006264781
-0.176941270658148
0.454625830693307
-1.19679026615763
2.07892149559148
0.778782951906982
-0.134767538535802
0.651307910052986
-0.536971701534409
-1.45957887200296
0.550760835197311
0.452800687184954
0.457833364305947
-1.08519311256888
0.737843008891621
0.813435670336406
-0.0297161370337137
-0.0746362082310716
0.824735993639664
1.47865156835017
0.912231567518282
-0.45881658262458
-1.37116251104389
1.59699109543458
0.562155144744576
2.17927441828063
-1.81791753232047
0.65910004850959
0.306759163010023
0.711219738633542
-0.0737353853548599
1.03325615778984
1.35298695426389
-1.12437991689009
-0.525356434860509
0.20069655814685
-0.261421795463742
-0.972478939334615
-1.43781068957757
0.157267453435336
-0.238948356606467
-0.446750469908509
-1.03635117800649
0.72638529928376
-0.253709413326595
-0.573160480623983
-0.281410110836883
-0.862066284989571
-1.00222136654131
-0.764926246141557
-0.550252404662619
1.35535995718102
-0.176929791470087
-0.251266321159973
0.976068431153664
-0.827608231762074
-0.204208616254632
1.4299007957826
0.60860874850191
0.794290070766396
-0.958877673094473
-0.101485923171603
-0.135365561114472
-0.0430362571643534
3.43636807153629
1.38592757666279
0.481648004086671
-0.441317676453773
0.366210287075514
-0.715807275481403
-0.220986209796257
1.32078589380502
1.41131807059598
-0.347174366027213
-0.76995963279644
0.982648206003745
-0.366276839617057
-0.366453600523937
-1.31005315452618
0.100839717529189
0.617397485097458
-0.957494344605185
0.0658576758465663
-1.2436646267784
0.128620601823228
-1.30048464241604
-1.10296384648788
1.19763948978405
-0.0575773594743012
0.47923563019974
0.0906764591108837
-0.153272468180578
-2.89892289078211
1.90630754793447
1.21363975602265
-0.214193522956266
-1.79855793757013
-1.18157922339809
1.708461401235
-1.40123402068592
1.37764051485314
1.26162941878714
-0.537937684731357
0.541167905031461
-0.452824110113673
0.100392940282108
0.643281697710263
0.0931722833942132
-0.506853377611692
-0.0218506522428141
2.24571651710091
-0.876662807006396
-0.689473455367622
0.16685525875306
-0.402854734819607
1.16995089964709
-0.295560281495756
0.300590733697285
-1.00789785009872
1.97046677270601
1.53815052198636
-1.76250493392283
0.572655919646773
0.683925954032479
-0.370728804544599
2.02650042336877
-0.7261914756572
-0.608549377142042
-0.00426694763766938
1.00629041423479
1.01262475944562
0.95678274540508
-0.36777109025725
0.796879453576542
1.26189569565031
-0.334661417411566
-0.543683764390297
0.75768345371358
-0.738745409286385
-0.0101735751177782
0.568795828240329
0.389421561987699
0.751978877194955
0.155063954251293
-0.627898671722851
1.67230680592279
-0.943085190146815
-0.0280996486347126
-0.58631225356661
0.756807895889804
-0.688072386799201
0.326212360321787
0.483753272911023
-0.132137675828982
1.03230966836913
-0.177726476793718
1.88675027320918
-2.00487248093914
1.28487277514925
0.792038142546318
-0.748174589285913
-0.270664153980856
-0.454312662773086
1.28939537723313
0.552299462676124
-0.379823466823483
-1.01669951365356
-2.17366559382562
0.275903237593986
0.756926088829872
-0.666355916472668
-0.883746945378434
-1.31436726023831
0.141754392560901
-1.71309956384652
-2.05768304813959
-0.473624640389244
-1.26830080812053
-0.324022324352154
-0.705716017982258
0.973649920221602
1.11256491036032
1.47117211921626
0.84658498938264
-0.854657070403231
-1.80439218752187
-0.889192953082083
-1.12360963708188
0.162828557824376
1.81109122074187
1.81515673503667
-0.422591348181408
1.42325577038379
-0.697615463722594
-1.40646271009528
1.01646542162969
0.0643502863495678
1.70103366051872
-0.188028884545058
0.834521000639233
0.834739067032145
-0.380264732562126
-1.62550450261773
-0.176185794285978
0.0287880867818752
0.0780355370512585
1.44183903660183
-1.82082966033145
-0.176833594139412
-0.707112667766716
1.0218755900411
-2.24525276734767
1.03396485521427
-0.482077792639658
-0.0146544102913717
-0.712617440013712
0.238086409170009
1.30744849340699
-1.33533082081521
-0.640688282331008
0.0286057724570401
1.36099767711626
1.05859352480699
0.0250867372214866
-0.0577533551192259
-0.0110955232796911
-0.540330318200013
1.78296341907107
-1.70087716499587
-0.896894864502844
0.820839016045449
1.29010549808209
0.482651758918933
0.186684467169384
-0.735499084455318
0.281174862208469
-0.846746345114312
1.6909117663927
-0.011560326410953
-0.00458333071071707
-0.50574090587205
-0.00276047255261695
0.657972844196352
0.837086513712556
0.400596608129128
-1.24646908378469
0.179822597362684
0.641171131122362
1.4352097489992
0.226223430681789
0.200396018141987
1.42961443149498
-0.819621237883903
-0.404054662990964
1.14854729351175
-1.82448232992159
0.162036567786125
1.69226274858987
0.0326503345058892
0.0903231500754419
-1.22289339008224
-0.388221289689114
-0.0371999026527011
-0.285867172858057
-0.963761474621144
0.612127136742395
1.24135749901692
-0.477454544292437
1.58028442117792
0.742482428375021
0.264305276627639
0.944665399611514
0.68914899056406
0.584141079382459
0.238094062365718
-0.0235529922753657
1.50633763431317
0.160564768848089
-1.10837990059665
0.50793189033739
0.181292751818457
1.6332448745291
-1.91728099983529
-1.49806714045971
0.561872145138183
-0.0742687109158674
-1.47966296557008
0.246855727280842
0.254940596308658
-0.205464387576104
-0.871755837856955
-0.266032430942453
0.426231077644336
0.253642634790364
0.0917682653665276
-0.45052623278514
1.65801111864715
-0.38770544245031
0.149737008857777
0.0946098269073128
-0.127751063801358
-0.308673957546834
0.453780810949369
0.137193492254328
0.536143112324191
0.180887403787235
-0.714059483503988
-0.0676193901238149
-0.203558459269174
-1.41907102232905
-0.188051446908981
0.108704316249158
-0.825550547738921
0.0718174163203163
1.42825103066729
-0.82794871363035
-0.711538038981441
0.671407861373953
-0.145785723638133
-1.5933676582149
-0.387393749531308
0.450194501866334
0.483988853803575
-0.159550185583612
0.778161918014714
0.714249588217979
0.853451442156337
-0.958010713475583
0.337409403444881
0.408858363165334
-1.15654439803076
-2.37774367282351
0.312389626655073
-0.211516817717637
0.221437794544518
-1.06194124713557
1.95034508055527
0.257257716623234
0.898182328926349
-0.171335425129347
-0.846110291029038
-0.274238173731107
-0.261508095131606
0.490650011343458
-0.196303050548387
-1.81426965604162
-0.71396485267742
0.128158901766895
0.566273802767946
0.442211294824123
-0.411308291510091
0.135456967677637
1.14955673927498
1.6065170423919
-1.50843661587759
-1.42707101455535
0.403101348647535
-0.931222185863667
0.218876263303543
-0.239967208425235
1.99268110252821
-0.277966665501028
0.33201581027668
0.549407114624506
0.367588932806324
0.154150197628458
0.0790513833992095
0.075098814229249
0.118577075098814
0.276679841897233
0.537549407114625
0.430830039525692
0.181818181818182
0.08300395256917
0.0671936758893281
0.0988142292490119
0.225296442687747
0.50197628458498
0.50197628458498
0.221343873517787
0.0988142292490119
0.0671936758893281
0.0869565217391304
0.173913043478261
0.434782608695652
0.561264822134387
0.280632411067194
0.110671936758893
0.0711462450592885
0.0671936758893281
0.138339920948617
0.355731225296443
0.592885375494071
0.359683794466403
0.134387351778656
0.0711462450592885
0.0632411067193676
0.106719367588933
0.272727272727273
0.569169960474308
0.454545454545455
0.173913043478261
0.08300395256917
0.0632411067193676
0.0790513833992095
0.197628458498024
0.49802371541502
0.553359683794466
0.237154150197628
0.0948616600790514
0.0592885375494071
0.0671936758893281
0.138339920948617
0.387351778656126
0.616600790513834
0.33201581027668
0.118577075098814
0.0592885375494071
0.0592885375494071
0.0988142292490119
0.276679841897233
0.600790513833992
0.458498023715415
0.162055335968379
0.0711462450592885
0.0513833992094862
0.075098814229249
0.177865612648221
0.49802371541502
0.58498023715415
0.241106719367589
0.0869565217391304
0.0553359683794466
0.0592885375494071
0.122529644268775
0.355731225296443
0.648221343873518
0.367588932806324
0.122529644268775
0.0553359683794466
0.0474308300395257
0.0790513833992095
0.221343873517787
0.58102766798419
0.533596837944664
0.189723320158103
0.0711462450592885
0.0513833992094862
0.0553359683794466
0.130434782608696
0.411067193675889
0.660079051383399
0.316205533596838
0.102766798418972
0.0513833992094862
0.0474308300395257
0.08300395256917
0.24901185770751
0.624505928853755
0.517786561264822
0.1699604743083
0.0632411067193676
0.0474308300395257
0.0553359683794466
0.134387351778656
0.430830039525692
0.687747035573123
0.308300395256917
0.0948616600790514
0.0474308300395257
0.0434782608695652
0.0711462450592885
0.229249011857708
0.636363636363636
0.545454545454545
0.1699604743083
0.0632411067193676
0.0395256916996047
0.0474308300395257
0.110671936758893
0.379446640316206
0.723320158102767
0.359683794466403
0.102766798418972
0.0474308300395257
0.0395256916996047
0.0592885375494071
0.173913043478261
0.565217391304348
0.652173913043478
0.221343873517787
0.0671936758893281
0.0355731225296443
0.0395256916996047
0.075098814229249
0.260869565217391
0.715415019762846
0.513833992094862
0.142292490118577
0.0513833992094862
0.0355731225296443
0.0434782608695652
0.0948616600790514
0.359683794466403
0.790513833992095
0.387351778656126
0.0988142292490119
0.0395256916996047
0.0316205533596838
0.0434782608695652
0.110671936758893
0.442687747035573
0.806324110671937
0.316205533596838
0.075098814229249
0.0355731225296443
0.0276679841897233
0.0316205533596838
0.110671936758893
0.466403162055336
0.841897233201581
0.296442687747036
0.0711462450592885
0.0316205533596838
0.0237154150197628
0.0276679841897233
0.075098814229249
0.367588932806324
0.91699604743083
0.383399209486166
0.0790513833992095
0.0276679841897233
0.0237154150197628
0.0197628458498024
0.0276679841897233
0.130434782608696
0.687747035573123
0.841897233201581
0.173913043478261
0.0355731225296443
0.0197628458498024
0.0118577075098814
0.00790513833992095
0.00395256916996047
0.00790513833992095
0.0671936758893281
0.407114624505929
0.486166007905138
0.209486166007905
0.110671936758893
0.102766798418972
0.154150197628458
0.272727272727273
0.379446640316206
0.304347826086957
0.185770750988142
0.126482213438735
0.122529644268775
0.177865612648221
0.288537549407115
0.367588932806324
0.292490118577075
0.181818181818182
0.126482213438735
0.130434782608696
0.185770750988142
0.300395256916996
0.371541501976285
0.288537549407115
0.177865612648221
0.126482213438735
0.126482213438735
0.185770750988142
0.312252964426877
0.383399209486166
0.292490118577075
0.173913043478261
0.118577075098814
0.122529644268775
0.185770750988142
0.320158102766798
0.391304347826087
0.284584980237154
0.16600790513834
0.118577075098814
0.122529644268775
0.189723320158103
0.328063241106719
0.399209486166008
0.280632411067194
0.162055335968379
0.110671936758893
0.114624505928854
0.185770750988142
0.328063241106719
0.411067193675889
0.284584980237154
0.162055335968379
0.114624505928854
0.114624505928854
0.185770750988142
0.33596837944664
0.422924901185771
0.292490118577075
0.154150197628458
0.106719367588933
0.110671936758893
0.177865612648221
0.33596837944664
0.426877470355731
0.292490118577075
0.154150197628458
0.102766798418972
0.110671936758893
0.177865612648221
0.339920948616601
0.442687747035573
0.304347826086957
0.154150197628458
0.102766798418972
0.102766798418972
0.1699604743083
0.33201581027668
0.454545454545455
0.316205533596838
0.158102766798419
0.0948616600790514
0.0948616600790514
0.162055335968379
0.324110671936759
0.462450592885375
0.328063241106719
0.158102766798419
0.0948616600790514
0.0909090909090909
0.146245059288538
0.308300395256917
0.470355731225296
0.347826086956522
0.162055335968379
0.0948616600790514
0.0869565217391304
0.134387351778656
0.292490118577075
0.478260869565217
0.371541501976285
0.173913043478261
0.0948616600790514
0.08300395256917
0.130434782608696
0.276679841897233
0.478260869565217
0.395256916996047
0.189723320158103
0.0988142292490119
0.0790513833992095
0.114624505928854
0.245059288537549
0.470355731225296
0.426877470355731
0.201581027667984
0.0988142292490119
0.075098814229249
0.102766798418972
0.217391304347826
0.454545454545455
0.466403162055336
0.225296442687747
0.102766798418972
0.0711462450592885
0.0909090909090909
0.185770750988142
0.422924901185771
0.49802371541502
0.260869565217391
0.114624505928854
0.0711462450592885
0.08300395256917
0.162055335968379
0.379446640316206
0.525691699604743
0.296442687747036
0.126482213438735
0.0790513833992095
0.0790513833992095
0.134387351778656
0.33201581027668
0.541501976284585
0.351778656126482
0.142292490118577
0.075098814229249
0.0671936758893281
0.110671936758893
0.280632411067194
0.533596837944664
0.41501976284585
0.16600790513834
0.08300395256917
0.0671936758893281
0.0948616600790514
0.225296442687747
0.50197628458498
0.486166007905138
0.209486166007905
0.0869565217391304
0.0632411067193676
0.0790513833992095
0.177865612648221
0.442687747035573
0.545454545454545
0.260869565217391
0.102766798418972
0.0632411067193676
0.0671936758893281
0.134387351778656
0.359683794466403
0.58498023715415
0.339920948616601
0.126482213438735
0.0671936758893281
0.0632411067193676
0.102766798418972
0.276679841897233
0.573122529644269
0.434782608695652
0.162055335968379
0.0711462450592885
0.0553359683794466
0.08300395256917
0.201581027667984
0.509881422924901
0.533596837944664
0.221343873517787
0.0869565217391304
0.0553359683794466
0.0671936758893281
0.142292490118577
0.403162055335968
0.608695652173913
0.308300395256917
0.110671936758893
0.0592885375494071
0.0553359683794466
0.102766798418972
0.288537549407115
0.608695652173913
0.434782608695652
0.150197628458498
0.0632411067193676
0.0513833992094862
0.075098814229249
0.193675889328063
0.513833992094862
0.565217391304348
0.225296442687747
0.0790513833992095
0.0513833992094862
0.0592885375494071
0.118577075098814
0.371541501976285
0.640316205533597
0.343873517786561
0.110671936758893
0.0553359683794466
0.0474308300395257
0.0869565217391304
0.237154150197628
0.596837944664032
0.505928853754941
0.173913043478261
0.0671936758893281
0.0434782608695652
0.0592885375494071
0.138339920948617
0.438735177865613
0.644268774703557
0.288537549407115
0.0909090909090909
0.0474308300395257
0.0434782608695652
0.0869565217391304
0.260869565217391
0.640316205533597
0.478260869565217
0.150197628458498
0.0592885375494071
0.0434782608695652
0.0553359683794466
0.142292490118577
0.458498023715415
0.66403162055336
0.272727272727273
0.0869565217391304
0.0434782608695652
0.0395256916996047
0.0790513833992095
0.24901185770751
0.652173913043478
0.50197628458498
0.150197628458498
0.0553359683794466
0.0395256916996047
0.0474308300395257
0.122529644268775
0.41501976284585
0.711462450592885
0.312252964426877
0.0869565217391304
0.0395256916996047
0.0355731225296443
0.0592885375494071
0.193675889328063
0.608695652173913
0.604743083003953
0.185770750988142
0.0592885375494071
0.0355731225296443
0.0355731225296443
0.08300395256917
0.296442687747036
0.739130434782609
0.446640316205534
0.118577075098814
0.0434782608695652
0.0276679841897233
0.0395256916996047
0.110671936758893
0.41501976284585
0.770750988142292
0.316205533596838
0.08300395256917
0.0316205533596838
0.0276679841897233
0.0395256916996047
0.134387351778656
0.521739130434783
0.75098814229249
0.245059288537549
0.0632411067193676
0.0316205533596838
0.0237154150197628
0.0434782608695652
0.138339920948617
0.577075098814229
0.762845849802372
0.221343873517787
0.0553359683794466
0.0276679841897233
0.0237154150197628
0.0316205533596838
0.106719367588933
0.513833992094862
0.861660079051383
0.256916996047431
0.0513833992094862
0.0237154150197628
0.0158102766798419
0.0197628458498024
0.0474308300395257
0.25296442687747
0.928853754940711
0.533596837944664
0.0909090909090909
0.0276679841897233
0.0158102766798419
0.0118577075098814
0.00790513833992095
0.0118577075098814
0.0909090909090909
0.644268774703557
0.91304347826087
0.193675889328063
0.0395256916996047
0.0197628458498024
0.0197628458498024
0.0197628458498024
0.0632411067193676
0.308300395256917
0.786561264822134
0.422924901185771
0.106719367588933
0.0395256916996047
0.0316205533596838
0.0474308300395257
0.142292490118577
0.49802371541502
0.660079051383399
0.241106719367589
0.0711462450592885
0.0355731225296443
0.0355731225296443
0.08300395256917
0.284584980237154
0.675889328063241
0.442687747035573
0.126482213438735
0.0474308300395257
0.0355731225296443
0.0474308300395257
0.138339920948617
0.474308300395257
0.671936758893281
0.256916996047431
0.075098814229249
0.0355731225296443
0.0355731225296443
0.0711462450592885
0.245059288537549
0.660079051383399
0.509881422924901
0.146245059288538
0.0434782608695652
0.0276679841897233
0.0395256916996047
0.102766798418972
0.387351778656126
0.735177865612648
0.339920948616601
0.0909090909090909
0.0355731225296443
0.0316205533596838
0.0474308300395257
0.154150197628458
0.549407114624506
0.687747035573123
0.217391304347826
0.0592885375494071
0.0316205533596838
0.0316205533596838
0.0553359683794466
0.213438735177866
0.683794466403162
0.58102766798419
0.154150197628458
0.0474308300395257
0.0237154150197628
0.0276679841897233
0.0632411067193676
0.256916996047431
0.766798418972332
0.505928853754941
0.118577075098814
0.0355731225296443
0.0237154150197628
0.0197628458498024
0.0592885375494071
0.25296442687747
0.810276679841897
0.509881422924901
0.110671936758893
0.0316205533596838
0.0197628458498024
0.0158102766798419
0.0395256916996047
0.181818181818182
0.754940711462451
0.671936758893281
0.146245059288538
0.0355731225296443
0.0197628458498024
0.0158102766798419
0.0158102766798419
0.0553359683794466
0.33201581027668
1
0.41501976284585
0.0671936758893281
0.0237154150197628
0.0118577075098814
0.00790513833992095
0.00395256916996047
0
0
0.0197628458498024
0.08300395256917
0.0237154150197628
0.0158102766798419
0.0237154150197628
0.0553359683794466
0.122529644268775
0.217391304347826
0.24901185770751
0.213438735177866
0.173913043478261
0.173913043478261
0.205533596837945
0.245059288537549
0.25296442687747
0.225296442687747
0.185770750988142
0.173913043478261
0.181818181818182
0.221343873517787
0.256916996047431
0.256916996047431
0.229249011857708
0.189723320158103
0.177865612648221
0.193675889328063
0.229249011857708
0.264822134387352
0.260869565217391
0.221343873517787
0.189723320158103
0.173913043478261
0.197628458498024
0.233201581027668
0.272727272727273
0.260869565217391
0.221343873517787
0.181818181818182
0.173913043478261
0.201581027667984
0.245059288537549
0.276679841897233
0.260869565217391
0.213438735177866
0.177865612648221
0.1699604743083
0.201581027667984
0.24901185770751
0.280632411067194
0.256916996047431
0.205533596837945
0.173913043478261
0.173913043478261
0.209486166007905
0.256916996047431
0.284584980237154
0.25296442687747
0.205533596837945
0.16600790513834
0.173913043478261
0.209486166007905
0.268774703557312
0.292490118577075
0.25296442687747
0.193675889328063
0.1699604743083
0.173913043478261
0.221343873517787
0.280632411067194
0.296442687747036
0.24901185770751
0.197628458498024
0.16600790513834
0.173913043478261
0.225296442687747
0.288537549407115
0.300395256916996
0.245059288537549
0.185770750988142
0.162055335968379
0.177865612648221
0.233201581027668
0.300395256916996
0.304347826086957
0.241106719367589
0.177865612648221
0.162055335968379
0.177865612648221
0.241106719367589
0.308300395256917
0.304347826086957
0.233201581027668
0.173913043478261
0.158102766798419
0.181818181818182
0.25296442687747
0.324110671936759
0.308300395256917
0.229249011857708
0.173913043478261
0.158102766798419
0.189723320158103
0.260869565217391
0.33201581027668
0.308300395256917
0.225296442687747
0.162055335968379
0.154150197628458
0.189723320158103
0.272727272727273
0.339920948616601
0.304347826086957
0.213438735177866
0.154150197628458
0.154150197628458
0.193675889328063
0.280632411067194
0.351778656126482
0.300395256916996
0.209486166007905
0.154150197628458
0.150197628458498
0.197628458498024
0.288537549407115
0.363636363636364
0.300395256916996
0.205533596837945
0.146245059288538
0.150197628458498
0.197628458498024
0.304347826086957
0.367588932806324
0.292490118577075
0.189723320158103
0.138339920948617
0.142292490118577
0.197628458498024
0.308300395256917
0.375494071146245
0.292490118577075
0.189723320158103
0.134387351778656
0.138339920948617
0.205533596837945
0.320158102766798
0.379446640316206
0.284584980237154
0.177865612648221
0.126482213438735
0.138339920948617
0.201581027667984
0.328063241106719
0.387351778656126
0.284584980237154
0.1699604743083
0.126482213438735
0.130434782608696
0.205533596837945
0.33596837944664
0.399209486166008
0.276679841897233
0.162055335968379
0.122529644268775
0.130434782608696
0.201581027667984
0.339920948616601
0.399209486166008
0.280632411067194
0.162055335968379
0.118577075098814
0.122529644268775
0.201581027667984
0.351778656126482
0.407114624505929
0.276679841897233
0.154150197628458
0.114624505928854
0.122529644268775
0.205533596837945
0.351778656126482
0.41897233201581
0.276679841897233
0.154150197628458
0.110671936758893
0.118577075098814
0.193675889328063
0.359683794466403
0.430830039525692
0.284584980237154
0.154150197628458
0.106719367588933
0.114624505928854
0.193675889328063
0.359683794466403
0.438735177865613
0.288537549407115
0.150197628458498
0.106719367588933
0.110671936758893
0.185770750988142
0.355731225296443
0.458498023715415
0.300395256916996
0.154150197628458
0.102766798418972
0.106719367588933
0.173913043478261
0.347826086956522
0.466403162055336
0.316205533596838
0.158102766798419
0.106719367588933
0.102766798418972
0.1699604743083
0.339920948616601
0.482213438735178
0.33201581027668
0.162055335968379
0.0988142292490119
0.0988142292490119
0.154150197628458
0.320158102766798
0.490118577075099
0.351778656126482
0.1699604743083
0.0988142292490119
0.0948616600790514
0.142292490118577
0.300395256916996
0.494071146245059
0.383399209486166
0.177865612648221
0.0988142292490119
0.0869565217391304
0.130434782608696
0.276679841897233
0.490118577075099
0.411067193675889
0.197628458498024
0.102766798418972
0.08300395256917
0.118577075098814
0.24901185770751
0.478260869565217
0.450592885375494
0.213438735177866
0.106719367588933
0.0790513833992095
0.102766798418972
0.213438735177866
0.454545454545455
0.490118577075099
0.245059288537549
0.110671936758893
0.0790513833992095
0.0988142292490119
0.185770750988142
0.41501976284585
0.517786561264822
0.284584980237154
0.118577075098814
0.075098814229249
0.08300395256917
0.154150197628458
0.367588932806324
0.545454545454545
0.324110671936759
0.134387351778656
0.075098814229249
0.075098814229249
0.130434782608696
0.308300395256917
0.549407114624506
0.383399209486166
0.158102766798419
0.0790513833992095
0.0711462450592885
0.106719367588933
0.256916996047431
0.525691699604743
0.454545454545455
0.185770750988142
0.0869565217391304
0.0632411067193676
0.0909090909090909
0.197628458498024
0.474308300395257
0.521739130434783
0.237154150197628
