5.29	6.83	8.08
2.03	1.4	0.88
5.25	6.23	5.55
5.65	3.78	2.25
3.91	3.06	3.12
2.75	2.15	3.89
5.41	6.98	6.88
3.15	1.71	3.26
2.41	1.98	2.11
1.92	1.69	1.22
2.4	3.18	3.74
3.76	4.24	4.34
1.85	2.43	3.34
5.17	4.65	4.47
5.22	7.02	7.11
3	4.56	4.6
4.77	3.83	4.03
4.55	4.94	4.21
8.54	7.37	4.53
1.95	1.42	1.48
3.35	4.02	3.62
1.18	1.18	1.97
6.24	7.21	5.84
0.81	1.67	1.58
1.58	3.93	5.35
5.44	5.75	4.54
9.49	13.08	10.92
5.96	7.38	6.51
3.85	2.79	2.04
3.34	2.93	3.3
5.48	5.19	4.12
2.91	2.39	2.67
0.89	0.16	0.68
1.74	1.21	1.56
2.65	3.34	3.58
5.36	5.96	6.28
5.49	10.49	11.47
1.29	1.32	1.69
5.07	4.83	4.95
3.99	5.04	4.65
3.5	3.2	4.05
3.32	3.84	5.12
6.51	5.77	5.16
4.43	2.3	4.75
3.65	4.77	6.83
3.67	3.69	4.69
3.58	3.35	3.09
2.18	2.79	2.62
3.8	7.26	8.4
7.14	6.14	3.88
9.33	8.41	6.44
3.72	3.94	3.58
3.75	4.42	4.2
2.62	2.77	3.39
4.62	4.3	4.92
2.78	1.88	2.2
1.5	1.54	1.75
2.39	2.01	2.48
2.25	2.26	1.88
4.44	5.2	5.16
2.79	3.15	3.16
4.99	5.49	5.76
4.07	3.72	3.04
3.1	5.87	6.67
2.8	2.76	3.01
7.89	11.53	12.31
4.24	4.19	3.73
2.2	1.72	1.45
3.97	3.4	3.35
4.35	3.23	3.76
5.56	6.91	6.15
2.43	2.9	3.38
4.23	4.25	3.02
1.77	2.03	2.4
3.98	4.48	4.03
6.02	5.1	4.08
6.04	3.28	2.97
4.09	3.49	1.83
2.56	1.74	2.21
8.82	8.81	8.62
4.03	4.51	3.83
1.3	1.36	1.44
1.28	1.51	1.76
7.58	6.54	5.53
4.25	5.74	6.17
4.33	3.33	2.69
6.24	8	6.4
2.76	3	2.94
2.82	3.36	3.39
4.49	5.08	5.37
1.26	2.06	2.96
3.43	3.48	3.48
4.41	5.26	5.75
2.27	1.95	1.85
4.11	4.76	4.94
4.3	7.43	8.66
2.69	3.45	2.79
7.42	8.59	9.44
6.4	5.76	5.12
5.79	5.08	3.46
2.69	6.61	6.8
4.76	4.24	3.06
3.65	3.97	3.66
3.41	2.31	3.53
1.27	0	1.03
1.76	1.69	1.42
4.03	4.53	2.81
3.17	4	3.92
3.03	3.42	3.92
2.7	2.23	2.23
6.07	6.57	6.12
1.85	4.2	4.84
3.98	4.31	4.06
3.15	3.75	6.04
3.98	3.72	3.84
3.39	1.88	3.27
2.07	2.29	2.41
0.95	0.52	0.48
3.05	2.37	1.71
4.91	6.67	6.61
3.01	3.87	4.14
4.9	4.06	3.88
3.36	4.17	4.98
2.83	4.3	5.24
6.27	6.61	6.98
4.55	7.13	7.89
3.76	4.37	5.33
4.8	4.45	4.22
2.42	1.92	3.6
4.19	5.25	4.21
0.92	2.28	3.11
3.99	5.27	6.39
3.98	4.77	5.73
1.89	1.03	1.09
5.66	5.39	5.85
2.23	3.05	2.92
2.83	3.95	4.13
4.7	3.37	2.73
7.36	6.6	6.56
4.79	3.15	3.78
6.18	7.88	7.07
3.47	2.51	2.57
5.81	8.24	6.91
3.69	6.18	7.44
0	3.62	6.79
4.48	4.43	3.87
4.39	5	3.58
4	5.49	5.84
5.6	7.32	9.12
4.75	4.26	3.87
5	3.95	2.67
3.26	2.59	2.71
5.23	5	3.72
1.63	2.55	2.32
5.02	4.86	4.49
4.09	3.73	3.42
3.28	3.8	3.87
4.35	5.23	5.93
4.84	4.19	4.29
3.84	6.77	7.72
3.76	4.1	5.29
4.02	4.96	5.71
4.81	3.55	3.22
5.12	3.27	3.87
1.99	1.84	2.63
2.12	0.68	0.42
3.29	4.19	3.51
5.16	4.09	2.36
2.53	3.3	2.72
6.07	7.95	7.81
4.72	5.97	5.16
5.37	6.33	6.1
6.04	6.14	8.02
5.66	5.65	5.37
5.41	4.62	3.09
3.25	2.22	1.84
3.55	3.93	4.78
1.99	1.98	1.88
1.71	2.42	2.32
2.58	3.44	4.92
3.5	4.79	4.34
4.11	4.46	4.48
0.97	0.76	1.03
4.93	5.7	5.48
5.41	5.61	6.31
5.69	5.57	5.03
6.92	6.68	5.12
3.43	1.86	1.86
2.62	2.68	2.81
2.39	3.82	3.8
1.25	1.56	1.41
3.64	4.07	4.25
4.63	4.22	2.35
3.53	4.63	4.33
3.76	3.34	2.62
7.44	10.04	10.37
1.8	2.37	1.3
3.28	4.4	4.18
4.39	4.81	5.08
4.43	3.32	5
2.75	2.51	3.13
2.85	3.03	2.73
4.28	4.7	4.35
5.9	9.92	10.41
3.24	3.52	4.07
4.22	4.64	3.74
6.19	8.9	8.14
7.47	12.15	12.21
5.1	3.99	4
4.55	4.51	5.05
6.29	6.02	4.22
3.57	3.63	3.92
4.1	3.53	2.79
1.96	1.04	2.03
1.91	1.29	0.89
5.01	6.05	5.07
6.21	11.41	12.95
4.76	5.41	4.95
7.53	7.47	6.12
2.44	3.59	4.23
4.62	4.09	4.01
3.53	2.57	1.48
3.41	3.28	3.87
2.78	1.89	1.73
2.92	3.73	4.54
2.31	2.98	3.4
0.95	1.55	2.38
2.74	2.6	3.16
2.24	2.14	2
3.28	4.02	4.26
4.07	4.61	4.87
4.36	4.73	4.55
1.84	2.81	2.22
2.81	2.78	2.2
4.52	4.43	3.69
5.03	5.02	5.94
3.08	2.5	2.8
2.63	3.73	2.62
2.44	1.51	1.38
6.79	6.8	7.35
5.11	6.02	5.89
3.32	3.25	3.87
2.45	2.92	3.28
1.66	1	1.22
6.28	6.09	6.59
3.87	3.82	4.58
5.09	4.42	3.06
6.1	6.43	7.62
4.05	4.05	3.34
2.96	2.93	3.36
5.14	7.15	6.49
5.27	7.97	8.28
4.92	8.61	9.81
3.41	2.74	2.19
3.55	3.28	2.64
2.87	2.92	3.1
5.74	5.16	6.44
5.23	6.32	6.63
10.75	5.31	5.41
4.36	4.74	3.83
2.26	2.62	2.62
2.34	2.6	2.27
2.21	1.91	1.32
3.79	5.25	5.02
5.93	7.39	7.1
3.43	3.52	3.48
9.81	11.6	8.73
3.21	4.89	5.68
3.39	3.91	3.43
4.52	5.56	5.61
6.71	6.99	6.51
3.59	3.45	4.11
4.39	3.25	0.73
1.76	2.94	1.59
1.01	1.13	1.1
1.64	1.99	1.81
7.4	7.81	7.26
2.43	2.58	1.92
2.18	1.69	1.61
5.58	6.64	7.04
4.39	4.08	3.3
3.99	4.95	4.92
4.23	3.54	2.65
2.88	2.04	2.62
4.1	4.07	3.76
5.33	4.9	3.59
2.74	2.37	2.17
3.44	4.22	5.82
5.62	5.89	5.12
3.24	3.37	3.74
6.65	8.24	7.43
3.11	3.88	4
6.86	7.15	7.89
4.31	4.23	4.75
4.15	1.64	2.44
4.4	4.66	5
1.47	1.31	2.24
5.34	8.44	8.09
3.7	7.4	8.97
2.77	4.67	4.64
4.39	7.26	9.12
4.44	3.83	2.48
5.47	5.79	4.85
7.26	10.16	9.41
2.61	5.63	6.48
3.93	5.37	5.57
4.21	3.61	3.75
6.41	6.34	6.88
4.16	4.54	4.45
0.49	0.72	1.95
3.35	2.77	2.59
5.61	4.56	5.19
3.6	3.56	2.8
5.65	5.91	4.83
4.96	5.63	6.06
3.97	6.38	7.53
3.34	2.09	2.13
2.65	2.9	4.31
5.31	4.61	3.99
4.45	5.2	5.65
4.16	4.89	5.23
2.13	2.11	1.14
4.92	6.65	5.95
1.7	3.08	4.2
5.55	4.43	2.89
4.4	4.42	4.97
8.76	10.08	9.05
3.93	6.91	7.26
4.93	5.5	5.56
4.27	4.78	4.03
5.77	5.76	4.89
3.32	2.79	2.14
1.98	1.74	1.89
1.5	1.34	1.23
1.64	2.7	3.1
7.28	8.19	7
4.35	7.09	8.3
4.06	5.1	5.69
7.56	8.25	6.24
4.73	6.11	6.49
5.04	8.16	9.44
3.97	4.56	5.29
4.49	3.86	3.63
5.23	5.84	5.48
2.11	2.83	3.91
1.61	1.4	1.82
3.05	3.15	3.51
3	6.8	8.86
5.79	6.49	5.63
4.72	4.2	3.22
3	3.04	3.08
4.84	5.65	5.43
6.4	6.3	6.01
4.3	3.04	3.03
4.31	3.79	3.19
2.65	2.21	1.58
5.19	5.11	4.93
0.73	0	0.51
1.5	1.77	1.45
5.8	7.23	6.26
