-0.419644516278082
-1.16493040956161
-0.187334933589841
-0.91455954098855
0.156380544602141
1.41991249480122
-0.135227525374296
-0.454689008712635
0.416852546214414
1.1981218095273
-0.00354714299850179
0.204635094585058
0.780227788240924
2.09806309111168
-1.22772333578733
0.20801253625041
-0.0336577113412149
-0.549626543262716
-0.140132597482401
-0.979759170813794
-0.393916593481976
0.906551474446196
-1.05584620994129
-0.0205467784467082
-2.25681731508287
-0.665101056359028
0.442578098956011
-2.00998852034811
0.493766637053135
0.953516387574061
-1.70572710729844
0.0600084981265632
-0.0867206117040475
-0.170913380366185
-1.23156610209898
-0.846909597021433
0.156081504243079
-1.18695185625947
-0.686356006264781
-0.176941270658148
0.454625830693307
-1.19679026615763
2.07892149559148
0.778782951906982
-0.134767538535802
0.651307910052986
-0.536971701534409
-1.45957887200296
0.550760835197311
0.452800687184954
0.457833364305947
-1.08519311256888
0.737843008891621
0.813435670336406
-0.0297161370337137
-0.0746362082310716
0.824735993639664
1.47865156835017
0.912231567518282
-0.45881658262458
-1.37116251104389
1.59699109543458
0.562155144744576
2.17927441828063
-1.81791753232047
0.65910004850959
0.306759163010023
0.711219738633542
-0.0737353853548599
1.03325615778984
1.35298695426389
-1.12437991689009
-0.525356434860509
0.20069655814685
-0.261421795463742
-0.972478939334615
-1.43781068957757
0.157267453435336
-0.238948356606467
-0.446750469908509
-1.03635117800649
0.72638529928376
-0.253709413326595
-0.573160480623983
-0.281410110836883
-0.862066284989571
-1.00222136654131
-0.764926246141557
-0.550252404662619
1.35535995718102
-0.176929791470087
-0.251266321159973
0.976068431153664
-0.827608231762074
-0.204208616254632
1.4299007957826
0.60860874850191
0.794290070766396
-0.958877673094473
-0.101485923171603
-0.135365561114472
-0.0430362571643534
3.43636807153629
1.38592757666279
0.481648004086671
-0.441317676453773
0.366210287075514
-0.715807275481403
-0.220986209796257
1.32078589380502
1.41131807059598
-0.347174366027213
-0.76995963279644
0.982648206003745
-0.366276839617057
-0.366453600523937
-1.31005315452618
0.100839717529189
0.617397485097458
-0.957494344605185
0.0658576758465663
-1.2436646267784
0.128620601823228
-1.30048464241604
-1.10296384648788
1.19763948978405
-0.0575773594743012
0.47923563019974
0.0906764591108837
-0.153272468180578
-2.89892289078211
1.90630754793447
1.21363975602265
-0.214193522956266
-1.79855793757013
-1.18157922339809
1.708461401235
-1.40123402068592
1.37764051485314
1.26162941878714
-0.537937684731357
0.541167905031461
-0.452824110113673
0.100392940282108
0.643281697710263
0.0931722833942132
-0.506853377611692
-0.0218506522428141
2.24571651710091
-0.876662807006396
-0.689473455367622
0.16685525875306
-0.402854734819607
1.16995089964709
-0.295560281495756
0.300590733697285
-1.00789785009872
1.97046677270601
1.53815052198636
-1.76250493392283
0.572655919646773
0.683925954032479
-0.370728804544599
2.02650042336877
-0.7261914756572
-0.608549377142042
-0.00426694763766938
1.00629041423479
1.01262475944562
0.95678274540508
-0.36777109025725
0.796879453576542
1.26189569565031
-0.334661417411566
-0.543683764390297
0.75768345371358
-0.738745409286385
-0.0101735751177782
0.568795828240329
0.389421561987699
0.751978877194955
0.155063954251293
-0.627898671722851
1.67230680592279
-0.943085190146815
-0.0280996486347126
-0.58631225356661
0.756807895889804
-0.688072386799201
0.326212360321787
0.483753272911023
-0.132137675828982
1.03230966836913
-0.177726476793718
1.88675027320918
-2.00487248093914
1.28487277514925
0.792038142546318
-0.748174589285913
-0.270664153980856
-0.454312662773086
1.28939537723313
0.552299462676124
-0.379823466823483
-1.01669951365356
-2.17366559382562
0.275903237593986
0.756926088829872
-0.666355916472668
-0.883746945378434
-1.31436726023831
0.141754392560901
-1.71309956384652
-2.05768304813959
-0.473624640389244
-1.26830080812053
-0.324022324352154
-0.705716017982258
0.973649920221602
1.11256491036032
1.47117211921626
0.84658498938264
-0.854657070403231
-1.80439218752187
-0.889192953082083
-1.12360963708188
0.162828557824376
1.81109122074187
1.81515673503667
-0.422591348181408
1.42325577038379
-0.697615463722594
-1.40646271009528
1.01646542162969
0.0643502863495678
1.70103366051872
-0.188028884545058
0.834521000639233
0.834739067032145
-0.380264732562126
-1.62550450261773
-0.176185794285978
0.0287880867818752
0.0780355370512585
1.44183903660183
-1.82082966033145
-0.176833594139412
-0.707112667766716
1.0218755900411
-2.24525276734767
1.03396485521427
-0.482077792639658
-0.0146544102913717
-0.712617440013712
0.238086409170009
1.30744849340699
-1.33533082081521
-0.640688282331008
0.0286057724570401
1.36099767711626
1.05859352480699
0.0250867372214866
-0.0577533551192259
-0.0110955232796911
-0.540330318200013
1.78296341907107
-1.70087716499587
-0.896894864502844
0.820839016045449
1.29010549808209
0.482651758918933
0.186684467169384
-0.735499084455318
0.281174862208469
-0.846746345114312
1.6909117663927
-0.011560326410953
-0.00458333071071707
-0.50574090587205
-0.00276047255261695
0.657972844196352
0.837086513712556
0.400596608129128
-1.24646908378469
0.179822597362684
0.641171131122362
1.4352097489992
0.226223430681789
0.200396018141987
1.42961443149498
-0.819621237883903
-0.404054662990964
1.14854729351175
-1.82448232992159
0.162036567786125
1.69226274858987
0.0326503345058892
0.0903231500754419
-1.22289339008224
-0.388221289689114
-0.0371999026527011
-0.285867172858057
-0.963761474621144
0.612127136742395
1.24135749901692
-0.477454544292437
1.58028442117792
0.742482428375021
0.264305276627639
0.944665399611514
0.68914899056406
0.584141079382459
0.238094062365718
-0.0235529922753657
1.50633763431317
0.160564768848089
-1.10837990059665
0.50793189033739
0.181292751818457
1.6332448745291
-1.91728099983529
-1.49806714045971
0.561872145138183
-0.0742687109158674
-1.47966296557008
0.246855727280842
0.254940596308658
-0.205464387576104
-0.871755837856955
-0.266032430942453
0.426231077644336
0.253642634790364
0.0917682653665276
-0.45052623278514
1.65801111864715
-0.38770544245031
0.149737008857777
0.0946098269073128
-0.127751063801358
-0.308673957546834
0.453780810949369
0.137193492254328
0.536143112324191
0.180887403787235
-0.714059483503988
-0.0676193901238149
-0.203558459269174
-1.41907102232905
-0.188051446908981
0.108704316249158
-0.825550547738921
0.0718174163203163
1.42825103066729
-0.82794871363035
-0.711538038981441
0.671407861373953
-0.145785723638133
-1.5933676582149
-0.387393749531308
0.450194501866334
0.483988853803575
-0.159550185583612
0.778161918014714
0.714249588217979
0.853451442156337
-0.958010713475583
0.337409403444881
0.408858363165334
-1.15654439803076
-2.37774367282351
0.312389626655073
-0.211516817717637
0.221437794544518
-1.06194124713557
1.95034508055527
0.257257716623234
0.898182328926349
-0.171335425129347
-0.846110291029038
-0.274238173731107
-0.261508095131606
0.490650011343458
-0.196303050548387
-1.81426965604162
-0.71396485267742
0.128158901766895
0.566273802767946
0.442211294824123
-0.411308291510091
0.135456967677637
1.14955673927498
1.6065170423919
-1.50843661587759
-1.42707101455535
0.403101348647535
-0.931222185863667
0.218876263303543
-0.239967208425235
1.99268110252821
-0.277966665501028
0.4287587862238301
1.0
0.03658131931022869
0.02561271452656418
0.04500106571479473
0.018539444025067825
0.03162271757925635
0.0032187704973350903
0.03494855021279162
0.03245619301817646
0.0197546422592397
0.02458315474293416
0.03443887301817618
0.020213043269879005
0.025357520319095727
0.009244677371731678
0.010205869179102137
0.029667809355948097
0.029323358185085514
0.035392944930897265
0.006490004294573989
0.00978022879012883
0.03222734885892642
0.009859042636817443
0.01852923514103627
0.012889087949385647
0.008858206444925253
0.017459794888568872
0.030377844151951248
0.029831845106439336
0.001226593930366905
0.035581431135143504
0.024384222905648827
0.10528980464296567
0.008021643820786665
0.05096026660378377
0.06337932143442128
0.22798788915238993
0.05734059657041598
0.03356860189799856
0.011828429273812679
0.02601532932380301
0.0002706245478225579
0.013547369834894117
0.009864977480784323
0.03661241644548594
0.010271151655611935
0.023355611067608823
0.006166204364800602
0.02731076586312109
0.014764468541872251
0.02490220756192972
0.018655526884856055
0.005898665665738523
0.0022858280406567967
0.012779413930098297
0.01128397513842428
0.002764762245479671
0.011763147675645734
0.0133477250918186
0.010435188189490041
0.0077531562265747336
0.023070506603468318
0.019517253580709715
0.013419179398692778
0.013610753619022357
0.014921145559674921
0.0174013961749148
0.05701394727268648
0.01061892799512833
0.0529723812971478
0.04934933738270678
0.029843005520649297
0.0340740058359362
0.007018434061636062
0.008705564700365055
0.023474306285216667
0.016605190722393148
0.02882792438809622
0.024215199354698874
0.0068738637419036505
0.0015216696321973713
0.027250943355701315
0.017942883315621688
0.0259676134669755
0.0017158546601901252
8.189953639781893e-05
0.022277622735012076
0.0004985189050930987
0.007753393236711233
0.019125797607168118
0.033587594044393265
0.020272627010476572
0.022723441270622417
0.02017102443975601
0.03309500940170912
0.02595669352879545
0.0012909266025233
0.01541586668826399
0.006076945502286791
0.015935514000088778
0.041075822956379224
0.5803861516135908
0.17590951512283126
0.025818294944471437
0.006837780206788457
0.027395988621527572
0.030273629247150068
0.046410685638132616
0.016289698325502196
0.04031569887872412
0.03204740560718638
0.013606005558684686
0.023448667314885745
0.011536440144734594
0.010795783135829044
0.026222094792392764
0.021218152623493015
0.004270882635813455
0.003939249145952636
0.02237685171473523
0.019776720854944002
0.005028631413263432
0.026623046910348704
0.018143714889804406
0.015355094407351508
0.00795778606386342
0.01012776811950873
0.013687667871247564
0.021268479010237446
0.03138746365368458
0.04498159950064903
0.00649356512024153
0.01235306163237264
0.04424877693017377
0.004584712448377497
0.007378080112825212
0.008079092760948026
0.007072084287650531
0.012527068307199088
0.025433959886356043
0.021549786089614838
0.007067336654614788
0.019521287975609324
0.025921560289430882
0.025265888031757475
0.012015967318817941
0.0529443721304959
0.0015708093397641782
0.0328053929378076
0.04395417622666294
0.032003014871534695
0.013556628067090109
0.061738009859257925
0.03385204551075887
0.04077623468979963
0.010198747551506052
0.09858306229378447
0.07446305560109794
0.06123853782165166
0.05190365193265591
0.011044330495622284
0.018127097996136834
0.00578543084452263
0.027961689134635974
0.03914418013614347
0.016138482155132406
0.028797777050070677
0.012777039460758033
0.012683983213481109
0.018291370685547582
0.03879094387501505
0.025282980583688774
0.014010518027528245
0.029128460552787828
0.017149051430358445
0.016637950441977297
0.024468258714253132
0.0179889365406443
0.028832197407384064
0.025767255865587785
0.019938856939754845
0.0020235120702799805
0.005655103803721384
0.02210361693852848
0.0028087980594015106
0.019059089580206905
0.021519873957562097
0.00984456144566793
0.01581610599538573
0.011748191609619364
0.01599913389227167
0.019386451665031612
0.01526726109528911
0.016604240925161443
0.010366344483749769
0.020523549717952932
0.009828893494628205
0.005958962620733225
0.01414725481091222
0.00551504365584729
0.016534922297066323
0.004972963562497227
0.008899987410307895
0.01540233619642803
0.009294528883599253
0.00706567497236973
0.015169218899195163
0.0036489210819057117
0.013958055059922904
0.015333254578469412
0.0109066439387456
0.0017766265114267789
0.010943676820051571
0.013381434608634455
0.014270697210514886
0.015254915630396649
0.0
0.014897169149931912
0.002395976941942701
0.011550683447404755
0.007785915969897881
0.010005037628658415
0.011527656811154453
0.0024667191264135645
0.019077369010723395
0.025955743731563747
0.012819770199633382
0.00048593725143340045
0.005373084388289711
0.016164119345038624
0.018070598876946172
0.014263575559179804
0.026211887498873945
0.005590533687004862
0.024979120959551064
0.012257630915755453
0.020039985513941407
0.010950086562634303
0.1463934100585371
0.3451113499687002
0.007755292807435644
0.01731095052877179
0.016656229896232784
0.013588201003045057
0.01650263835444088
0.004849164793085957
0.001401312943621532
0.001284279631405307
0.011963979249828453
0.018871077514928645
0.015469279453101037
0.008405266281718823
0.003776162385567238
0.01147994102554393
0.010069370307936509
0.007263183158323335
0.010238391912288786
0.006353386039997259
0.0059902981192497436
0.0038082097928361066
0.005646083032702816
0.0046409737028278025
0.01582607613633407
0.0020023843685489963
0.01593337741922787
0.02854281975778274
0.00044890441285762105
0.024522145523102168
0.033961718485530396
0.0055817499261227935
0.00794093130545549
0.030868529200171985
0.04050750996675622
0.02837593485298635
0.013060246134598833
0.003337465501291972
0.008591379654615526
0.0199298366197772
0.0014222031984184901
0.02387098533640677
0.004001920142985671
0.012344990207544853
0.002049150159894148
0.004102573367515458
0.018805321041884846
0.005431244762423503
0.014091705465214266
0.0068411040223194984
0.01815392201715025
0.017888283767155438
0.006576888687747537
0.010957446102448736
0.007944254669945607
0.01110462790165791
0.00792288973967936
0.014169688019739425
0.008113514162777237
0.0036277933754269276
0.013384046088111218
0.01594429733366892
0.007119324747343273
0.01221632487272766
0.0014929455039582337
0.002592773219143955
0.004878126249564141
0.00915589340783372
0.0065923192250878304
0.007691197138294048
0.008499510190967808
0.011127773019237465
0.014763518744640549
0.014680194749832613
0.011315904467926829
0.003776162385567238
0.012117332879402008
0.014025711103691114
0.005972968913266889
0.012887188378661237
0.012729799452106217
0.010059874187261165
0.009950675090328664
0.00027299846641811246
0.013471405356161622
0.013016566500573631
0.03166046139601584
0.01440031234256378
0.013897995542366629
0.034786173580733874
0.01181133750526825
0.011520535183558368
0.02488250419521355
0.01957707608812949
0.018570779950886268
0.009822009731772477
0.016512132694691522
0.02810554768805001
0.10864721560120799
0.12008513416451505
0.09192878621192906
0.05500539129221935
0.0931784102871224
0.03633229439305204
0.021658035413054635
0.00418732163086902
0.005366674645706981
0.03379364663093183
0.01991155716552172
0.0007750782137485709
0.022994304236256466
0.023964754370778902
0.03283079508791399
0.01594619514770762
0.02531502751617772
0.05577429523756116
0.017020860115814256
0.04515726949571127
0.03735141162971245
0.04443702598184954
0.03474653016951098
0.01125109691377188
0.015789756018384307
0.004791716303965521
0.018729592671206996
0.023398340928141317
0.013041492683809348
0.013347250193202749
0.00017448161432085066
0.02699574938562282
0.020335298885852462
0.02231228204905963
0.01026592869665841
0.013752950347757361
0.011105814685287117
0.015562811477336668
0.01969220917442501
0.003633728219393806
0.048337581371329534
0.004962874512917703
0.05078079718240476
0.007299978602190879
0.0002846305507404692
0.011280058370250062
0.04997390894427353
0.015195093122976875
0.041432380777834066
0.03193939507430779
0.015752960123475837
0.017833921228825687
0.004257114255498141
0.018966983130161683
0.03460457121056035
0.024638704231066094
0.053263897118122766
0.03311969677064464
0.0035176444812627223
0.059408973633963136
0.03535448657035686
0.003732719761678535
0.05581750092253035
0.06464294653209116
0.01821184493010662
0.060793195205434
0.02685165391702827
0.031101646378709873
0.04280687102265678
0.07288584145176187
0.033209192785728925
0.00593593600822192
0.004735929520829138
0.015653018356657476
0.029701994697200647
0.002510873659054618
0.02151536378570378
0.022862076746387953
0.0015843406149870093
0.015461919913286602
0.003965361709254626
0.019190604282980212
0.00539563655322609
0.016420976018139005
3.727022264894421e-05
0.014434971632872343
0.030751257610156874
0.0167917789939057
0.015461682903150104
0.000527005695597592
0.004501388453569561
0.01283092712421093
0.00822983491104482
0.012014068626436385
0.007410601943930012
0.0059902981192497436
0.0021374592346718535
0.008808117068317321
0.004767977355399936
0.01252967978667585
0.006575939341556758
9.709249220397853e-05
0.01227448567416338
0.012678998166745935
0.002268023712911527
0.011052876819065924
0.007820812270342942
0.015052184485489523
0.004852963056191925
0.0015083758039085666
0.017602464735495024
0.010194237379647733
0.006956950323012155
0.018209234352711705
0.028812494278057856
0.008122060486220878
0.023831102873493718
0.003104823340064917
0.00969832944369046
0.03625277041803578
0.016931127233027445
0.019176123993912546
0.016755695886092437
0.02183038040563602
0.02080770440860073
0.029849174810941105
0.014118293354434036
0.004197529185516794
0.0032826282779973327
0.015221444880403
0.014404347615806248
0.004364177222610658
0.003094378110588755
0.01392956850206057
0.008452744178849994
0.002115144519043401
0.0005400621885256518
0.015655630714477092
0.002978769247334526
0.002326421533979345
0.01162332453790814
0.01416695805893341
0.0008776306837785227
0.018242468092568857
0.014025948113827614
0.017772199126942504
0.00672478282301099
0.0070181966241976345
0.007944254669945607
0.01110462790165791
0.009508536312756038
0.014169688019739425
0.007219740961736561
0.0019805445467885965
0.011745105255265747
0.012561014834151443
0.0008595890206725085
0.007179622129639904
0.007872800363071428
0.007605024653872851
0.004138419037890295
0.0037412656340812503
0.010769670145225126
0.01584221898598965
0.009261294241660252
0.01461325146942061
0.005037889645459423
0.0005645133188420422
0.015703820520360613
0.001049500996142824
0.0005773323624621761
0.005315873360346698
0.003330106412518463
0.011090146710508396
0.00921144187518882
0.013695501431334996
0.00027703406963262487
0.015283877965217687
0.003596220439471982
0.002592773219143955
0.009654649809665258
0.006036589232751707
0.007561582006245153
0.0020023843685489963
0.0027767504622206738
0.0066816961416289655
0.0031451796096000017
0.015029396639800421
0.009328001390278609
0.022713234143276573
0.0024313479273526508
0.00979043679581753
0.014326721431089694
0.011535015472626033
0.0016206612789336824
0.0024263628568784797
0.015541208658591068
0.016261450534462072
0.015612900853944598
0.0018689711894189966
0.006117539209260304
0.012227006898689358
0.00903411271421511
0.01863914702506398
0.004972963562497227
0.011412996866789076
0.01653539809776403
0.010678512614068752
0.006724545385572563
0.0220649214728956
0.04023237571478105
0.02683574807750919
0.010068895409320659
0.038972072177437575
0.04356912828649636
0.01685872225057871
0.0111898506125864
0.025127015617072434
0.02312819253002718
0.00554044431039693
0.010410262006254323
0.017608400481543753
0.03919688023258029
0.029560272890820492
0.039919497408656426
0.0018642233546017873
0.03612315692397761
0.007078968477808189
0.019564256602964028
0.007728467931818368
0.02515241563066918
0.0001156089119666482
0.024501018528793266
0.009852395884098215
0.03341667113636986
0.014052061104431532
0.020617079985502853
0.008265918018858086
0.002567847249559203
0.032182480494674336
0.026892958345804328
0.009411799405359543
0.028584125848288525
0.0016614923331374379
0.028059492611385708
0.029419500881672042
0.004786968694668774
0.010303673486716734
0.023735197329477667
0.013908440558191827
0.022738871356921788
0.011653235791618028
0.00818449359477456
0.025108262047587968
0.007270779684535271
0.014690640644000665
0.02908834141208422
0.009145685402145021
0.020803907023837616
0.011908429904130496
0.018526861550038864
0.010977386360606425
0.00895387417167894
0.005898903103176952
0.005142341133095177
0.00955470892118975
0.014024761330198407
0.01650311237471388
0.0182723802246216
0.006909709412278487
0.021473109725868984
0.0007458792462410714
0.021702664844311537
0.011706411546318574
0.015798539351964448
0.019123422259485
0.003742927316326309
0.02350160608318879
0.003945895898671866
0.005470889123206237
0.01162997129062737
0.01470298435220742
0.015061443596028366
0.017392375854937157
0.0010067708103860841
0.002721913238926034
0.009508891827960785
0.02480392669396955
0.020418622002317546
0.013457636975846305
0.021567589766911616
0.008533456717920163
0.0007719921751236007
0.01832484319222694
0.02027120321671087
0.1344320361873109
0.08574905052447511
0.04234467276968834
0.024027661285954616
0.00465996504209664
0.009198623268366212
0.0005400621885256518
0.0021519399676587446
0.004870767160790632
0.018548940145743167
0.018325792989458644
0.02262445105772147
0.0006262347370421379
0.0018677841755215285
0.01434761146274009
0.02085114705622843
0.0015990587949079268
0.0223694939553455
0.01230582074537797
0.0037692777681076514
0.012739532559179064
0.003915510197387051
0.012617750987217602
0.05348253232212427
0.053472327165115095
0.045939703956628046
0.047230393646297254
0.030733928143045066
0.02472345292172158
0.006751133251053337
0.04692273649496246
0.033218690520656
0.03242034855849042
0.028164181583937884
0.033575959562432305
0.028302343015691424
0.007256298968165677
0.020301352358900106
0.004632665267863515
0.0009763848859547069
0.028835520866830163
0.01535794375156863
0.0016014327135034814
0.010027826352690368
0.020906459391789884
0.01380731200774426
0.017571367576498784
0.017172078042869753
0.01912555884034591
0.02087773404336635
0.017268933455334496
0.029278253143042877
0.0010829729591991712
0.007115526484237304
0.026041916287201934
0.018722945918487766
0.0036197221642501037
0.015188685137079851
0.006226738757233731
0.01017880641500551
0.023843209761475942
0.025755149214995523
0.018147512250828526
0.009130255315845652
0.0008206571027695362
0.03099624286237679
0.014165533363085854
0.02661046429288576
0.023698640248869397
0.022230382726360257
0.024148968980077058
0.020549423941734642
0.006282288102931686
0.026641087597781977
0.0027276106454544847
0.020169126625717303
0.026129749385613365
0.018455408121507536
0.007942830876179903
0.017188457926400825
0.02191868947091813
0.09880478546639132
0.11909806196122391
0.05923829120196965
0.04026727203896511
0.03641680593113706
0.03846999336067577
0.009320879738943529
0.06828949632563461
0.01722026787249227
0.0159625750074997
0.007188405463220043
0.024470156409596853
0.017029406439257894
0.00011086111798051191
0.005122400447635561
0.006009052021080153
0.008840639801503972
0.00921144187518882
0.015615511455078508
0.0025975210658306627
0.011403976546811433
0.0072819370601537444
0.011528843618522657
0.01560744090859357
0.012680659848990992
0.010880293938005181
0.0029797188071762695
0.005281926833394343
0.0241971586672656
0.00899945340016755
0.0197983218932649
0.019260633917745833
0.01841694964227216
0.009266042301997924
0.01805184542615669
0.015281504374220278
0.011502967638055236
0.015752486103202838
0.0056282784770631845
0.021854832592337736
0.012814547264418854
0.016400797016898106
0.011822969304722656
0.0069054367015975926
0.01284184703865198
0.020623489728085583
0.001280481475124821
0.016944894734999907
0.0012546059362027275
0.0169439449615072
0.008688472931820627
0.008939393882611276
0.01834217284925072
0.00802045703715746
0.012086234842062914
0.012070567769366042
0.01108326209304881
0.01724091911358146
0.009867825970397584
0.01724091911358146
0.008201348353182487
0.01712626182798364
0.005837181927114616
0.017179435825998478
0.0186422333794176
0.002259477607866651
0.0034093947067820028
0.005825549676619287
0.015387380106662664
0.016103822841084848
0.015709280489450635
0.0019521764797511161
0.009273638851948858
0.007497487239185408
0.01048124141451265
0.01679510235839582
0.002554790754257244
0.009322303556448228
0.0017094451383800583
0.0012880778992590749
0.0074395643024900435
0.012052288315110559
0.011633769553733337
0.005298069255747992
0.0030395411009450798
0.012685644919465163
0.011127773019237465
0.013202204974854484
0.010356137356403923
0.01004753047905441
0.002547906350448622
0.015283877965217687
-0.419644516278082
-1.16493040956161
-0.187334933589841
-0.91455954098855
0.156380544602141
1.41991249480122
-0.135227525374296
-0.454689008712635
0.416852546214414
1.1981218095273
-0.00354714299850179
0.204635094585058
0.780227788240924
2.09806309111168
-1.22772333578733
0.20801253625041
-0.0336577113412149
-0.549626543262716
-0.140132597482401
-0.979759170813794
-0.393916593481976
0.906551474446196
-1.05584620994129
-0.0205467784467082
-2.25681731508287
-0.665101056359028
0.442578098956011
-2.00998852034811
0.493766637053135
0.953516387574061
-1.70572710729844
0.0600084981265632
-0.0867206117040475
-0.170913380366185
-1.23156610209898
-0.846909597021433
0.156081504243079
-1.18695185625947
-0.686356006264781
-0.176941270658148
0.454625830693307
-1.19679026615763
2.07892149559148
0.778782951906982
-0.134767538535802
0.651307910052986
-0.536971701534409
-1.45957887200296
0.550760835197311
0.452800687184954
0.457833364305947
-1.08519311256888
0.737843008891621
0.813435670336406
-0.0297161370337137
-0.0746362082310716
0.824735993639664
1.47865156835017
0.912231567518282
-0.45881658262458
-1.37116251104389
1.59699109543458
0.562155144744576
2.17927441828063
-1.81791753232047
0.65910004850959
0.306759163010023
0.711219738633542
-0.0737353853548599
1.03325615778984
1.35298695426389
-1.12437991689009
-0.525356434860509
0.20069655814685
-0.261421795463742
-0.972478939334615
-1.43781068957757
0.157267453435336
-0.238948356606467
-0.446750469908509
-1.03635117800649
0.72638529928376
-0.253709413326595
-0.573160480623983
-0.281410110836883
-0.862066284989571
-1.00222136654131
-0.764926246141557
-0.550252404662619
1.35535995718102
-0.176929791470087
-0.251266321159973
0.976068431153664
-0.827608231762074
-0.204208616254632
1.4299007957826
0.60860874850191
0.794290070766396
-0.958877673094473
-0.101485923171603
-0.135365561114472
-0.0430362571643534
3.43636807153629
1.38592757666279
0.481648004086671
-0.441317676453773
0.366210287075514
-0.715807275481403
-0.220986209796257
1.32078589380502
1.41131807059598
-0.347174366027213
-0.76995963279644
0.982648206003745
-0.366276839617057
-0.366453600523937
-1.31005315452618
0.100839717529189
0.617397485097458
-0.957494344605185
0.0658576758465663
-1.2436646267784
0.128620601823228
-1.30048464241604
-1.10296384648788
1.19763948978405
-0.0575773594743012
0.47923563019974
0.0906764591108837
-0.153272468180578
-2.89892289078211
1.90630754793447
1.21363975602265
-0.214193522956266
-1.79855793757013
-1.18157922339809
1.708461401235
-1.40123402068592
1.37764051485314
1.26162941878714
-0.537937684731357
0.541167905031461
-0.452824110113673
0.100392940282108
0.643281697710263
0.0931722833942132
-0.506853377611692
-0.0218506522428141
2.24571651710091
-0.876662807006396
-0.689473455367622
0.16685525875306
-0.402854734819607
1.16995089964709
-0.295560281495756
0.300590733697285
-1.00789785009872
1.97046677270601
1.53815052198636
-1.76250493392283
0.572655919646773
0.683925954032479
-0.370728804544599
2.02650042336877
-0.7261914756572
-0.608549377142042
-0.00426694763766938
1.00629041423479
1.01262475944562
0.95678274540508
-0.36777109025725
0.796879453576542
1.26189569565031
-0.334661417411566
-0.543683764390297
0.75768345371358
-0.738745409286385
-0.0101735751177782
0.568795828240329
0.389421561987699
0.751978877194955
0.155063954251293
-0.627898671722851
1.67230680592279
-0.943085190146815
-0.0280996486347126
-0.58631225356661
0.756807895889804
-0.688072386799201
0.326212360321787
0.483753272911023
-0.132137675828982
1.03230966836913
-0.177726476793718
1.88675027320918
-2.00487248093914
1.28487277514925
0.792038142546318
-0.748174589285913
-0.270664153980856
-0.454312662773086
1.28939537723313
0.552299462676124
-0.379823466823483
-1.01669951365356
-2.17366559382562
0.275903237593986
0.756926088829872
-0.666355916472668
-0.883746945378434
-1.31436726023831
0.141754392560901
-1.71309956384652
-2.05768304813959
-0.473624640389244
-1.26830080812053
-0.324022324352154
-0.705716017982258
0.973649920221602
1.11256491036032
1.47117211921626
0.84658498938264
-0.854657070403231
-1.80439218752187
-0.889192953082083
-1.12360963708188
0.162828557824376
1.81109122074187
1.81515673503667
-0.422591348181408
1.42325577038379
-0.697615463722594
-1.40646271009528
1.01646542162969
0.0643502863495678
1.70103366051872
-0.188028884545058
0.834521000639233
0.834739067032145
-0.380264732562126
-1.62550450261773
-0.176185794285978
0.0287880867818752
0.0780355370512585
1.44183903660183
-1.82082966033145
-0.176833594139412
-0.707112667766716
1.0218755900411
-2.24525276734767
1.03396485521427
-0.482077792639658
-0.0146544102913717
-0.712617440013712
0.238086409170009
1.30744849340699
-1.33533082081521
-0.640688282331008
0.0286057724570401
1.36099767711626
1.05859352480699
0.0250867372214866
-0.0577533551192259
-0.0110955232796911
-0.540330318200013
1.78296341907107
-1.70087716499587
-0.896894864502844
0.820839016045449
1.29010549808209
0.482651758918933
0.186684467169384
-0.735499084455318
0.281174862208469
-0.846746345114312
1.6909117663927
-0.011560326410953
-0.00458333071071707
-0.50574090587205
-0.00276047255261695
0.657972844196352
0.837086513712556
0.400596608129128
-1.24646908378469
0.179822597362684
0.641171131122362
1.4352097489992
0.226223430681789
0.200396018141987
1.42961443149498
-0.819621237883903
-0.404054662990964
1.14854729351175
-1.82448232992159
0.162036567786125
1.69226274858987
0.0326503345058892
0.0903231500754419
-1.22289339008224
-0.388221289689114
-0.0371999026527011
-0.285867172858057
-0.963761474621144
0.612127136742395
1.24135749901692
-0.477454544292437
1.58028442117792
0.742482428375021
0.264305276627639
0.944665399611514
0.68914899056406
0.584141079382459
0.238094062365718
-0.0235529922753657
1.50633763431317
0.160564768848089
-1.10837990059665
0.50793189033739
0.181292751818457
1.6332448745291
-1.91728099983529
-1.49806714045971
0.561872145138183
-0.0742687109158674
-1.47966296557008
0.246855727280842
0.254940596308658
-0.205464387576104
-0.871755837856955
-0.266032430942453
0.426231077644336
0.253642634790364
0.0917682653665276
-0.45052623278514
1.65801111864715
-0.38770544245031
0.149737008857777
0.0946098269073128
-0.127751063801358
-0.308673957546834
0.453780810949369
0.137193492254328
0.536143112324191
0.180887403787235
-0.714059483503988
-0.0676193901238149
-0.203558459269174
-1.41907102232905
-0.188051446908981
0.108704316249158
-0.825550547738921
0.0718174163203163
1.42825103066729
-0.82794871363035
-0.711538038981441
0.671407861373953
-0.145785723638133
-1.5933676582149
-0.387393749531308
0.450194501866334
0.483988853803575
-0.159550185583612
0.778161918014714
0.714249588217979
0.853451442156337
-0.958010713475583
0.337409403444881
0.408858363165334
-1.15654439803076
-2.37774367282351
0.312389626655073
-0.211516817717637
0.221437794544518
-1.06194124713557
1.95034508055527
0.257257716623234
0.898182328926349
-0.171335425129347
-0.846110291029038
-0.274238173731107
-0.261508095131606
0.490650011343458
-0.196303050548387
-1.81426965604162
-0.71396485267742
0.128158901766895
0.566273802767946
0.442211294824123
-0.411308291510091
0.135456967677637
1.14955673927498
1.6065170423919
-1.50843661587759
-1.42707101455535
0.403101348647535
-0.931222185863667
0.218876263303543
-0.239967208425235
1.99268110252821
-0.277966665501028
